" "	"population,foreign,native,hh_income,pct_english,pct_asian_lang,pct_spanish,pct_euro,pct_asian,pct_white,pct_black,pct_other,pct_hispanic,pct_full_time,pct_no_work,pct_part_time,pct_urban,less_than_hs,less_bachelors,doctorate"
"Abbevillecity_al,"	"2987.0,0.0203,0.9797,23266.0,0.9628,0.0,0.0289,0.0083,0.0007,0.5665,0.3994,0.0,0.0352,0.7847,0.179,0.0516,0.0,0.3552,0.4016,0.0048"
"Adamsvillecity_al,"	"4965.0,0.0054,0.9946,39563.0,0.9563,0.0032,0.0227,0.0179,0.0014,0.7579,0.2282,0.0,0.0052,0.8461,0.1245,0.0585,0.0,missing,missing,missing"
"Addisontown_al,"	"723.0,0.0042,0.9958,22235.0,0.9867,0.0,0.0133,0.0,0.0014,0.9945,0.0014,0.0,0.0014,0.8383,0.1388,0.0562,0.0,missing,missing,missing"
"Akrontown_al,"	"521.0,0.0,1.0,19875.0,0.9956,0.0,0.0,0.0044,0.0,0.1785,0.81,0.0,0.0154,0.7943,0.1979,0.0703,0.0,0.2909,0.5879,0.0"
"Alabastercity_al,"	"22619.0,0.0222,0.9778,58379.0,0.9333,0.0,0.0434,0.0224,0.0064,0.8771,0.0995,0.001,0.0154,0.9057,0.0701,0.0522,0.0,0.0874,0.4828,0.0048"
"Albertvillecity_al,"	"17247.0,0.1223,0.8777,31893.0,0.8874,0.0017,0.0955,0.0155,0.0026,0.8615,0.0205,0.0,0.1608,0.8539,0.113,0.0629,0.0,0.3463,0.4286,0.0043"
"AlexanderCitycity_al,"	"15008.0,0.0064,0.9936,29309.0,0.9454,0.0076,0.0357,0.0099,0.0028,0.7056,0.2837,0.0015,0.0045,0.8296,0.138,0.0536,0.0,0.2595,0.504,0.0019"
"AlexandriaCDP_al,"	"3692.0,0.0143,0.9857,missing,0.9701,0.0,0.005,0.0249,0.006,0.8843,0.0975,0.0,0.0065,0.8623,0.1036,0.0671,0.0,missing,missing,missing"
"Alicevillecity_al,"	"2567.0,0.0048,0.9952,17092.0,0.9886,0.0031,0.0,0.0083,0.0031,0.3229,0.6654,0.0,0.0039,0.7898,0.1784,0.0465,0.0,0.3428,0.4686,0.0"
"Allgoodtown_al,"	"629.0,0.2405,0.7595,29583.0,0.6798,0.0,0.309,0.0,0.0,0.8394,0.0032,0.0112,0.434,0.8565,0.1148,0.0909,0.0,missing,missing,missing"
"Altoonatown_al,"	"984.0,0.0328,0.9672,20469.0,0.9536,0.0052,0.0284,0.0129,0.0,0.9543,0.0254,0.0,0.0254,0.8013,0.1759,0.0544,0.0,0.4031,0.4748,0.0031"
"Andalusiacity_al,"	"8794.0,0.0031,0.9969,26856.0,0.9637,0.0027,0.0259,0.0076,0.0027,0.7393,0.2447,0.0,0.0078,0.8181,0.1462,0.0684,0.0,missing,missing,missing"
"Andersontown_al,"	"354.0,0.0,1.0,missing,0.9933,0.0,0.0067,0.0,0.0,0.9915,0.0,0.0,0.0,0.8052,0.1648,0.0449,0.0,missing,missing,missing"
"Annistoncity_al,"	"24276.0,0.0224,0.9776,27385.0,0.9424,0.0076,0.0283,0.0201,0.0078,0.4871,0.4869,0.0016,0.0168,0.8113,0.1566,0.0568,0.0,0.2187,0.4996,0.0066"
"Arabcity_al,"	"7174.0,0.011,0.989,36716.0,0.9717,0.0,0.0195,0.0088,0.0039,0.9829,0.0018,0.0,0.0066,0.8638,0.1086,0.0441,0.0,missing,missing,missing"
"Ardmoretown_al,"	"1034.0,0.0165,0.9835,28352.0,0.9529,0.0043,0.0236,0.0193,0.0077,0.9623,0.0087,0.0,0.0174,0.8524,0.1341,0.0369,0.0,missing,missing,missing"
"Argotown_al,"	"1780.0,0.0022,0.9978,41167.0,0.9736,0.0,0.0186,0.0078,0.0006,0.9882,0.0017,0.0,0.0073,0.865,0.1143,0.0483,0.0,missing,missing,missing"
"Aritontown_al,"	"772.0,0.0,1.0,21083.0,0.9842,0.0,0.0,0.0158,0.0,0.693,0.2927,0.0,0.0078,0.7843,0.1912,0.0556,0.0,missing,missing,missing"
"Arleytown_al,"	"290.0,0.0,1.0,missing,0.9524,0.0,0.0476,0.0,0.0,0.9931,0.0,0.0,0.0138,0.7774,0.1752,0.0839,0.0,missing,missing,missing"
"Ashfordcity_al,"	"1853.0,0.0047,0.9953,29444.0,0.9749,0.0028,0.0111,0.0084,0.0005,0.7145,0.2752,0.0028,0.0151,0.8381,0.1317,0.048,0.0,0.2506,0.5159,0.0024"
"Ashlandcity_al,"	"1965.0,0.0063,0.9937,23469.0,0.9733,0.0,0.0182,0.0085,0.001,0.7374,0.2529,0.0,0.027,0.8016,0.1736,0.0342,0.0,missing,missing,missing"
"Ashvilletown_al,"	"2260.0,0.0069,0.9931,31509.0,0.9449,0.0012,0.0311,0.0228,0.0018,0.6942,0.2655,0.0,0.0288,0.7997,0.1734,0.0516,0.0,0.3095,0.4885,0.0"
"Athenscity_al,"	"18967.0,0.0297,0.9703,33980.0,0.9271,0.0021,0.0506,0.0194,0.0071,0.7772,0.1826,0.0009,0.0486,0.8473,0.1258,0.053,0.0,missing,missing,missing"
"Atmorecity_al,"	"7676.0,0.0079,0.9921,22867.0,0.9635,0.0019,0.0218,0.0084,0.0047,0.4948,0.4631,0.0044,0.0073,0.8135,0.1554,0.0653,0.0,0.2476,0.5165,0.0"
"Attallacity_al,"	"6592.0,0.0136,0.9864,27444.0,0.964,0.0019,0.0342,0.0,0.0018,0.8394,0.1323,0.0,0.0249,0.8225,0.1439,0.0793,0.0,0.2702,0.5545,0.0"
"Auburncity_al,"	"42987.0,0.0491,0.9509,17206.0,0.8896,0.0316,0.0404,0.031,0.0331,0.7805,0.1679,0.0075,0.0155,0.7615,0.1078,0.1931,0.0,0.0676,0.3042,0.1034"
"Autaugavilletown_al,"	"820.0,0.0026,0.9974,missing,0.9928,0.0,0.0072,0.0,0.0,0.3232,0.6598,0.0,0.0098,0.8055,0.1505,0.0752,0.0,missing,missing,missing"
"Avontown_al,"	"466.0,0.0047,0.9953,37679.0,0.9834,0.0,0.0166,0.0,0.0,0.9442,0.0429,0.0,0.0043,0.8729,0.1045,0.0593,0.0,0.2226,0.5415,0.0"
"Babbietown_al,"	"627.0,0.0,1.0,missing,0.9849,0.0,0.0,0.0151,0.0032,0.9888,0.0016,0.0,0.0,0.8401,0.1518,0.0344,0.0,0.3552,0.4751,0.0"
"Baileytontown_al,"	"684.0,0.0029,0.9971,31000.0,0.9783,0.0109,0.0109,0.0,0.0015,0.9956,0.0,0.0,0.0,0.8665,0.1122,0.0445,0.0,missing,missing,missing"
"Bankstown_al,"	"224.0,0.0,1.0,missing,0.945,0.0,0.0275,0.0275,0.0,0.8482,0.1027,0.0,0.0089,0.8883,0.0638,0.0479,0.0,0.3544,0.4937,0.0"
"BayMinettecity_al,"	"7820.0,0.0095,0.9905,27226.0,0.9527,0.0077,0.0264,0.0132,0.0043,0.6432,0.3347,0.0,0.0102,0.8031,0.1576,0.0641,0.0,0.2501,0.4593,0.0037"
"BayouLaBatrecity_al,"	"2313.0,0.1682,0.8318,24539.0,0.7325,0.2095,0.0277,0.0303,0.3329,0.5244,0.1025,0.0,0.019,0.8009,0.1633,0.0515,0.0,missing,missing,missing"
"BearCreektown_al,"	"1053.0,0.0038,0.9962,27813.0,0.9742,0.0,0.0188,0.0,0.0,0.9915,0.0009,0.007,0.0009,0.8313,0.1422,0.0651,0.0,missing,missing,missing"
"Beatricetown_al,"	"412.0,0.0,1.0,missing,0.9384,0.0,0.0479,0.0137,0.0,0.2694,0.7257,0.0,0.0049,0.6859,0.2628,0.0513,0.0,missing,missing,missing"
"Beavertontown_al,"	"226.0,0.036,0.964,20250.0,0.9684,0.0,0.0316,0.0,0.0,0.9558,0.031,0.0,0.0,0.8187,0.1484,0.0549,0.0,missing,missing,missing"
"Belktown_al,"	"214.0,0.0,1.0,32188.0,1.0,0.0,0.0,0.0,0.0,0.972,0.0093,0.0,0.014,0.9157,0.0674,0.0337,0.0,missing,missing,missing"
"Bentontown_al,"	"47.0,0.0,1.0,missing,1.0,0.0,0.0,0.0,0.0,0.766,0.234,0.0,0.0,0.8462,0.1538,0.0385,0.0,missing,missing,missing"
"Berrytown_al,"	"1238.0,0.0016,0.9984,20214.0,0.9903,0.0,0.0058,0.0039,0.0,0.9144,0.0638,0.0,0.017,0.8062,0.1561,0.0614,0.0,missing,missing,missing"
"Bessemercity_al,"	"29672.0,0.0089,0.9911,23066.0,0.963,0.0012,0.0179,0.0148,0.0018,0.2893,0.6955,0.0031,0.0114,0.7794,0.1899,0.0604,0.0,0.256,0.522,0.0014"
"Billingsleytown_al,"	"116.0,0.0,1.0,missing,1.0,0.0,0.0,0.0,0.0,0.9052,0.0603,0.0,0.0,0.8495,0.1505,0.0108,0.0,missing,missing,missing"
"Birminghamcity_al,"	"242820.0,0.0211,0.9789,26735.0,0.9304,0.0072,0.0384,0.0191,0.008,0.2407,0.7346,0.0049,0.0155,0.8063,0.149,0.073,0.0,0.1854,0.5126,0.0076"
"Blacktown_al,"	"202.0,0.0,1.0,missing,0.9634,0.0,0.0,0.0366,0.0,0.9406,0.0545,0.0,0.0,0.8434,0.1205,0.0482,0.0,missing,missing,missing"
"Blountsvilletown_al,"	"1768.0,0.0961,0.9039,24432.0,0.8698,0.0,0.1181,0.0121,0.0028,0.8954,0.0,0.0,0.1618,0.836,0.1357,0.0631,0.0,missing,missing,missing"
"BlueMountaintown_al,"	"233.0,0.1168,0.8832,missing,0.898,0.0,0.0816,0.0204,0.0086,0.7682,0.1459,0.0,0.0601,0.8721,0.1279,0.0,0.0,missing,missing,missing"
"BlueRidgeCDP_al,"	"1331.0,0.0109,0.9891,missing,0.9379,0.0,0.0393,0.0228,0.003,0.9579,0.0308,0.0,0.0053,0.8372,0.0983,0.1069,0.0,missing,missing,missing"
"BlueSpringstown_al,"	"121.0,0.0,1.0,missing,1.0,0.0,0.0,0.0,0.0,0.9917,0.0083,0.0,0.0,0.9054,0.0405,0.0946,0.0,missing,missing,missing"
"Boazcity_al,"	"7411.0,0.0403,0.9597,25699.0,0.9322,0.004,0.0543,0.0071,0.0045,0.935,0.0131,0.0025,0.0498,0.8075,0.1522,0.0655,0.0,0.2935,0.5112,0.0038"
"Boligeetown_al,"	"369.0,0.0,1.0,15000.0,1.0,0.0,0.0,0.0,0.0,0.1057,0.8889,0.0,0.019,0.747,0.1818,0.1383,0.0,missing,missing,missing"
"BonAirtown_al,"	"96.0,0.0161,0.9839,missing,0.8649,0.0,0.0811,0.0541,0.0,0.9375,0.0625,0.0,0.0,0.8,0.1455,0.0727,0.0,missing,missing,missing"
"Branchvilletown_al,"	"825.0,0.0036,0.9964,40438.0,0.9621,0.0,0.0175,0.0204,0.0,0.9709,0.0036,0.0,0.0194,0.8231,0.1469,0.057,0.0,missing,missing,missing"
"Brantleytown_al,"	"920.0,0.0022,0.9978,21574.0,0.9767,0.0,0.0207,0.0026,0.0,0.5935,0.4022,0.0,0.0011,0.8122,0.1391,0.0709,0.0,missing,missing,missing"
"Brentcity_al,"	"4024.0,0.0035,0.9965,21287.0,0.954,0.0,0.0261,0.009,0.002,0.4893,0.5002,0.0108,0.0097,0.5774,0.3447,0.0933,0.0,missing,missing,missing"
"Brewtoncity_al,"	"5498.0,0.0035,0.9965,34234.0,0.9771,0.0031,0.0148,0.0049,0.0049,0.576,0.4023,0.0,0.0111,0.8406,0.1267,0.0629,0.0,0.1846,0.4932,0.0065"
"Bridgeportcity_al,"	"2728.0,0.0088,0.9912,28981.0,0.958,0.0,0.03,0.012,0.0011,0.8776,0.0803,0.0,0.0132,0.8697,0.1069,0.0731,0.0,0.3648,0.4903,0.0"
"Brightoncity_al,"	"3640.0,0.0,1.0,21364.0,0.9228,0.0,0.0467,0.0245,0.0003,0.0901,0.8912,0.0059,0.0173,0.7519,0.2249,0.0372,0.0,missing,missing,missing"
"Brillianttown_al,"	"762.0,0.0,1.0,18224.0,0.9912,0.0,0.0088,0.0,0.0,0.9961,0.0,0.0,0.0066,0.7951,0.1626,0.0618,0.0,missing,missing,missing"
"Brooksidetown_al,"	"1393.0,0.0043,0.9957,29792.0,0.9904,0.0,0.0019,0.0076,0.0,0.9052,0.0869,0.0,0.0093,0.8131,0.1526,0.0611,0.0,missing,missing,missing"
"Brookwoodtown_al,"	"1483.0,0.0028,0.9972,missing,0.9799,0.0,0.0092,0.011,0.0013,0.9791,0.0054,0.0,0.0034,0.8607,0.11,0.0568,0.0,missing,missing,missing"
"Brundidgecity_al,"	"2341.0,0.0013,0.9987,16774.0,0.963,0.0039,0.0214,0.0117,0.0026,0.334,0.6352,0.0,0.0081,0.8027,0.1692,0.0486,0.0,missing,missing,missing"
"Butlercity_al,"	"1952.0,0.0093,0.9907,35302.0,0.9435,0.0026,0.0329,0.021,0.0,0.8156,0.1788,0.0,0.0061,0.8081,0.1672,0.0488,0.0,0.2057,0.5098,0.0015"
"BynumCDP_al,"	"1863.0,0.0039,0.9961,34375.0,0.9876,0.0,0.0,0.0124,0.0016,0.8696,0.0998,0.0,0.014,0.8282,0.1168,0.0862,0.0,missing,missing,missing"
"CahabaHeightsCDP_al,"	"5203.0,0.0248,0.9752,48250.0,0.9411,0.0036,0.0219,0.0334,0.0144,0.9594,0.0117,0.0,0.0075,0.8785,0.1053,0.041,0.0,missing,missing,missing"
"Caleracity_al,"	"3158.0,0.0,1.0,35650.0,0.9374,0.0,0.0459,0.0167,0.0054,0.7742,0.1992,0.0,0.019,0.8452,0.1304,0.0659,0.0,0.2108,0.5881,0.0"
"Camdentown_al,"	"2257.0,0.0065,0.9935,25750.0,0.9373,0.0,0.0509,0.0118,0.0,0.4528,0.5423,0.0,0.0053,0.7768,0.1782,0.0675,0.0,0.2964,0.4166,0.0036"
"CampHilltown_al,"	"1273.0,0.0103,0.9897,20655.0,0.953,0.0102,0.0307,0.0061,0.0,0.1438,0.8492,0.0,0.0102,0.8054,0.1602,0.071,0.0,0.2819,0.5446,0.0038"
"CarbonHillcity_al,"	"2071.0,0.0,1.0,20861.0,0.9653,0.0,0.0185,0.0162,0.0,0.8943,0.0874,0.0,0.0101,0.7976,0.1774,0.0463,0.0,missing,missing,missing"
"Cardifftown_al,"	"82.0,0.0,1.0,missing,1.0,0.0,0.0,0.0,0.0,0.939,0.061,0.0,0.0,0.8409,0.125,0.0341,0.0,missing,missing,missing"
"Carolinatown_al,"	"248.0,0.0,1.0,missing,1.0,0.0,0.0,0.0,0.0,0.996,0.004,0.0,0.004,0.7841,0.2045,0.0455,0.0,missing,missing,missing"
"Carrolltontown_al,"	"987.0,0.0039,0.9961,24318.0,0.9725,0.01,0.01,0.0075,0.001,0.5339,0.4458,0.0,0.0041,0.787,0.1786,0.0714,0.0,missing,missing,missing"
"Castleberrytown_al,"	"590.0,0.0,1.0,21204.0,0.9789,0.0,0.0106,0.0106,0.0,0.6322,0.3559,0.0,0.0,0.8317,0.1386,0.0337,0.0,missing,missing,missing"
"CedarBlufftown_al,"	"1467.0,0.0083,0.9917,29211.0,0.9595,0.0032,0.0291,0.0081,0.002,0.8718,0.1138,0.0,0.0089,0.8065,0.1601,0.0607,0.0,0.2884,0.5242,0.0"
"CenterPointCDP_al,"	"22784.0,0.0266,0.9734,40929.0,0.9302,0.0093,0.038,0.0184,0.0055,0.729,0.2423,0.0041,0.0223,0.8569,0.1002,0.0675,0.0,0.1222,0.6358,0.0045"
"Centrecity_al,"	"3216.0,0.0194,0.9806,24000.0,0.9577,0.0059,0.0208,0.0156,0.0012,0.879,0.1001,0.0,0.0096,0.7572,0.1988,0.068,0.0,missing,missing,missing"
"Centrevillecity_al,"	"2466.0,0.008,0.992,31842.0,0.9729,0.0,0.0271,0.0,0.0012,0.7595,0.2303,0.0,0.0174,0.809,0.1427,0.0706,0.0,0.3182,0.4674,0.0074"
"ChalkvilleCDP_al,"	"3829.0,0.0031,0.9969,missing,0.9605,0.0,0.0198,0.015,0.0047,0.9632,0.0232,0.0047,0.0057,0.8912,0.0859,0.05,0.0,0.0765,0.6286,0.0017"
"Chatomtown_al,"	"1193.0,0.0026,0.9974,31319.0,0.9704,0.0,0.0251,0.0046,0.0,0.6723,0.321,0.0,0.005,0.7967,0.1644,0.0578,0.0,0.2571,0.4766,0.0078"
"Chelseatown_al,"	"2949.0,0.0074,0.9926,67083.0,0.9354,0.0,0.0308,0.0338,0.0017,0.9678,0.0078,0.0,0.0081,0.876,0.0929,0.0532,0.0,missing,missing,missing"
"Cherokeetown_al,"	"1237.0,0.0056,0.9944,24597.0,0.9797,0.0,0.0183,0.002,0.0,0.7833,0.2021,0.0,0.0049,0.8046,0.1792,0.0391,0.0,missing,missing,missing"
"Chickasawcity_al,"	"6364.0,0.0092,0.9908,27036.0,0.9526,0.0058,0.0224,0.0192,0.0024,0.8889,0.0812,0.0,0.0115,0.8144,0.151,0.0515,0.0,0.2538,0.5561,0.0026"
"Childersburgcity_al,"	"4927.0,0.0086,0.9914,23932.0,0.9734,0.0079,0.0049,0.0128,0.0006,0.6887,0.2973,0.001,0.0061,0.8394,0.1261,0.0508,0.0,0.227,0.5676,0.0029"
"Citronellecity_al,"	"3659.0,0.002,0.998,31739.0,0.952,0.0,0.0213,0.0267,0.0014,0.7696,0.1861,0.0,0.0082,0.8218,0.1452,0.0548,0.0,missing,missing,missing"
"Clantoncity_al,"	"7800.0,0.0164,0.9836,30394.0,0.9516,0.0019,0.0266,0.0199,0.0033,0.7731,0.2001,0.0,0.0264,0.8149,0.1517,0.0556,0.0,missing,missing,missing"
"ClayCDP_al,"	"4947.0,0.0119,0.9881,missing,0.9635,0.0044,0.0258,0.0063,0.004,0.9796,0.0071,0.0,0.004,0.8981,0.0844,0.0529,0.0,missing,missing,missing"
"Clayhatcheetown_al,"	"501.0,0.027,0.973,30156.0,0.9581,0.0209,0.0,0.0209,0.008,0.9242,0.0419,0.0,0.018,0.7935,0.1576,0.0652,0.0,missing,missing,missing"
"Claytontown_al,"	"1475.0,0.0067,0.9933,18750.0,0.9637,0.0,0.0277,0.0069,0.0,0.3485,0.6393,0.0017,0.0136,0.7626,0.213,0.0504,0.0,0.3154,0.4305,0.0"
"Clevelandtown_al,"	"1241.0,0.1036,0.8964,37037.0,0.8381,0.0,0.1619,0.0,0.0,0.9452,0.0008,0.0,0.1579,0.8795,0.0991,0.0448,0.0,0.3062,0.4752,0.0"
"Cliotown_al,"	"2206.0,0.059,0.941,17417.0,0.9332,0.0051,0.0566,0.0051,0.0032,0.3731,0.5721,0.0,0.0331,0.3803,0.6002,0.032,0.0,0.3928,0.456,0.0"
"Coalingcity_al,"	"1115.0,0.0,1.0,missing,0.979,0.0,0.021,0.0,0.0,0.9004,0.0861,0.0,0.009,0.8756,0.0881,0.0661,0.0,0.1867,0.6535,0.0"
"CoffeeSpringstown_al,"	"251.0,0.0071,0.9929,missing,0.9675,0.0,0.0163,0.0163,0.0,0.9323,0.0398,0.0,0.0,0.8491,0.1422,0.0517,0.0,missing,missing,missing"
"Coffeevilletown_al,"	"360.0,0.0,1.0,19545.0,0.9702,0.0,0.0179,0.0119,0.0,0.6111,0.3889,0.0,0.0,0.7798,0.1733,0.0939,0.0,missing,missing,missing"
"Cokertown_al,"	"808.0,0.0,1.0,41184.0,0.9203,0.0,0.0543,0.0254,0.0087,0.9616,0.0198,0.0,0.0012,0.8628,0.151,0.0312,0.0,missing,missing,missing"
"Collinsvilletown_al,"	"1644.0,0.1629,0.8371,21964.0,0.801,0.0,0.1885,0.0052,0.0085,0.6332,0.1618,0.0052,0.2348,0.8182,0.1453,0.0583,0.0,0.4216,0.4244,0.0"
"Colonytown_al,"	"385.0,0.0,1.0,32708.0,0.9419,0.0,0.0387,0.0194,0.0,0.0571,0.9351,0.0,0.0078,0.8171,0.1433,0.0701,0.0,missing,missing,missing"
"Columbianacity_al,"	"3316.0,0.0137,0.9863,34034.0,0.9502,0.0031,0.0358,0.0109,0.0015,0.7859,0.196,0.0,0.0199,0.813,0.1467,0.0602,0.0,missing,missing,missing"
"Columbiatown_al,"	"804.0,0.0172,0.9828,27500.0,0.9591,0.0,0.0117,0.0292,0.0,0.7438,0.245,0.0,0.005,0.8257,0.1426,0.0618,0.0,0.3036,0.5218,0.0"
"ConcordCDP_al,"	"1809.0,0.0,1.0,missing,0.9674,0.0,0.0326,0.0,0.0022,0.9834,0.0028,0.0,0.0028,0.8653,0.0954,0.0613,0.0,0.154,0.6669,0.0"
"Coosadatown_al,"	"1382.0,0.012,0.988,39405.0,0.9698,0.0,0.0259,0.0043,0.0014,0.5608,0.4255,0.0,0.0065,0.84,0.114,0.065,0.0,missing,missing,missing"
"Cordovacity_al,"	"2423.0,0.014,0.986,17389.0,0.9491,0.0,0.0302,0.0207,0.0004,0.856,0.1325,0.0,0.0091,0.7653,0.2011,0.0586,0.0,missing,missing,missing"
"Cottonwoodtown_al,"	"1170.0,0.0095,0.9905,21452.0,0.9433,0.0,0.0486,0.0081,0.0,0.6906,0.2906,0.0,0.0197,0.8292,0.1484,0.0601,0.0,missing,missing,missing"
"CountyLinetown_al,"	"257.0,0.0,1.0,missing,0.9605,0.0,0.0395,0.0,0.0,0.9572,0.0272,0.0,0.0117,0.8857,0.0857,0.04,0.0,missing,missing,missing"
"Courtlandtown_al,"	"769.0,0.0051,0.9949,27500.0,0.9416,0.0,0.0357,0.0227,0.0026,0.5423,0.4044,0.0,0.0091,0.8494,0.1156,0.0473,0.0,missing,missing,missing"
"Cowartstown_al,"	"1546.0,0.0077,0.9923,36688.0,0.9444,0.0,0.0477,0.0079,0.0039,0.8493,0.1235,0.0,0.0052,0.873,0.0882,0.0712,0.0,missing,missing,missing"
"Creolatown_al,"	"2002.0,0.001,0.999,missing,0.9472,0.0,0.0306,0.0181,0.001,0.8636,0.0989,0.0042,0.0065,0.8489,0.1169,0.0533,0.0,missing,missing,missing"
"Crossvilletown_al,"	"1431.0,0.0074,0.9926,31394.0,0.9882,0.0039,0.0059,0.002,0.0014,0.9769,0.0007,0.0,0.0224,0.8565,0.1247,0.0395,0.0,missing,missing,missing"
"Cubatown_al,"	"363.0,0.0048,0.9952,50795.0,0.9415,0.0,0.0117,0.0468,0.0,0.9174,0.0771,0.0,0.0028,0.8462,0.0855,0.0769,0.0,missing,missing,missing"
"Cullmancity_al,"	"13995.0,0.0339,0.9661,29164.0,0.9393,0.0042,0.0406,0.016,0.0045,0.9643,0.0036,0.0,0.0485,0.8228,0.1321,0.075,0.0,0.2341,0.4503,0.003"
"Dadevillecity_al,"	"3212.0,0.001,0.999,25266.0,0.9651,0.0,0.0286,0.0063,0.0028,0.5324,0.4508,0.0,0.0081,0.823,0.1455,0.0643,0.0,missing,missing,missing"
"Dalevillecity_al,"	"4653.0,0.0725,0.9275,34473.0,0.8797,0.043,0.0287,0.0486,0.0365,0.642,0.2536,0.0,0.0393,0.8322,0.1337,0.0728,0.0,missing,missing,missing"
"Daphnecity_al,"	"16581.0,0.0271,0.9729,52603.0,0.9317,0.0035,0.0387,0.0251,0.0061,0.8533,0.1235,0.0011,0.0153,0.8582,0.103,0.063,0.0,0.0543,0.4602,0.0133"
"DauphinIslandtown_al,"	"1371.0,0.0226,0.9774,44219.0,0.9193,0.0088,0.0351,0.0333,0.0058,0.9643,0.0044,0.0035,0.0095,0.7993,0.149,0.078,0.0,missing,missing,missing"
"Davistontown_al,"	"267.0,0.0,1.0,missing,0.9386,0.0175,0.0439,0.0,0.0,0.8202,0.1798,0.0,0.015,0.7955,0.1682,0.05,0.0,missing,missing,missing"
"Daytontown_al,"	"60.0,0.0,1.0,12500.0,1.0,0.0,0.0,0.0,0.0,0.35,0.65,0.0,0.0,0.6944,0.2222,0.0833,0.0,missing,missing,missing"
"Deatsvilletown_al,"	"340.0,0.0,1.0,40938.0,0.9625,0.0,0.0125,0.025,0.0,0.9735,0.0147,0.0,0.0,0.8514,0.0991,0.0867,0.0,missing,missing,missing"
"Decaturcity_al,"	"53929.0,0.0448,0.9552,37192.0,0.9294,0.0041,0.0477,0.0169,0.007,0.755,0.1956,0.0019,0.0564,0.8448,0.1177,0.0665,0.0,0.1621,0.5036,0.0056"
"Demopoliscity_al,"	"7540.0,0.0177,0.9823,26481.0,0.9465,0.0,0.0397,0.0105,0.002,0.4775,0.509,0.0033,0.0098,0.7876,0.1674,0.0668,0.0,missing,missing,missing"
"Detroittown_al,"	"247.0,0.0,1.0,missing,0.9759,0.0,0.0241,0.0,0.0,0.7935,0.2065,0.0,0.0,0.7987,0.1611,0.0537,0.0,missing,missing,missing"
"DodgeCitytown_al,"	"612.0,0.0031,0.9969,30417.0,0.95,0.0,0.0273,0.0227,0.0,0.9951,0.0,0.0,0.0033,0.8379,0.1221,0.0695,0.0,0.3448,0.5271,0.0"
"Doracity_al,"	"2413.0,0.0067,0.9933,21458.0,0.9445,0.004,0.0258,0.0198,0.0021,0.8061,0.1666,0.0059,0.0012,0.7898,0.1811,0.0499,0.0,0.331,0.5271,0.007"
"Dothancity_al,"	"57737.0,0.0204,0.9796,35000.0,0.9569,0.0063,0.0207,0.0153,0.0085,0.6733,0.3011,0.0007,0.0132,0.8402,0.1189,0.0647,0.0,0.1779,0.4903,0.007"
"DoubleSpringstown_al,"	"1003.0,0.0,1.0,missing,0.9769,0.0,0.0185,0.0046,0.0,0.9751,0.003,0.0,0.011,0.8273,0.1241,0.0584,0.0,missing,missing,missing"
"Douglastown_al,"	"530.0,0.009,0.991,missing,0.9604,0.0,0.0396,0.0,0.0019,0.9679,0.0,0.0,0.0264,0.8486,0.133,0.0367,0.0,missing,missing,missing"
"Doziertown_al,"	"391.0,0.0055,0.9945,13750.0,0.9524,0.0,0.0476,0.0,0.0,0.5703,0.3964,0.0,0.0128,0.8099,0.1761,0.088,0.0,missing,missing,missing"
"Duttontown_al,"	"310.0,0.0058,0.9942,missing,0.912,0.0,0.048,0.04,0.0,0.971,0.0,0.0,0.0065,0.8008,0.125,0.1211,0.0,missing,missing,missing"
"EastBrewtoncity_al,"	"2496.0,0.0086,0.9914,23125.0,0.9569,0.002,0.0225,0.0157,0.0,0.8029,0.1707,0.0029,0.0196,0.8246,0.1484,0.0519,0.0,0.2573,0.5754,0.0032"
"Eclectictown_al,"	"1037.0,0.0037,0.9963,missing,0.9556,0.0,0.0339,0.0104,0.001,0.7811,0.1919,0.0,0.0183,0.7989,0.1667,0.0754,0.0,missing,missing,missing"
"EdgewaterCDP_al,"	"730.0,0.0,1.0,21322.0,1.0,0.0,0.0,0.0,0.0,0.3795,0.611,0.0,0.011,0.8418,0.1378,0.0578,0.0,missing,missing,missing"
"Edwardsvilletown_al,"	"186.0,0.0,1.0,missing,1.0,0.0,0.0,0.0,0.0,0.9839,0.0054,0.0,0.0054,0.7784,0.1591,0.1364,0.0,missing,missing,missing"
"Elbacity_al,"	"4185.0,0.0012,0.9988,24021.0,0.9733,0.0,0.0222,0.0044,0.0002,0.6392,0.3429,0.0,0.0103,0.7598,0.1939,0.0676,0.0,0.347,0.4121,0.0"
"Elbertatown_al,"	"552.0,0.0543,0.9457,22375.0,0.8652,0.0,0.0565,0.0783,0.0,0.9511,0.0018,0.0,0.038,0.7648,0.1853,0.0546,0.0,missing,missing,missing"
"Eldridgetown_al,"	"184.0,0.011,0.989,missing,1.0,0.0,0.0,0.0,0.0,0.9565,0.0435,0.0,0.0217,0.7676,0.2042,0.0282,0.0,missing,missing,missing"
"Elkmonttown_al,"	"470.0,0.0043,0.9957,missing,0.9669,0.0,0.0,0.0331,0.0,0.834,0.1511,0.0,0.0128,0.8252,0.1605,0.0287,0.0,missing,missing,missing"
"Elmoretown_al,"	"199.0,0.0,1.0,missing,0.9529,0.0,0.0471,0.0,0.0,0.6784,0.2764,0.0,0.0151,0.7881,0.1722,0.0861,0.0,missing,missing,missing"
"Emelletown_al,"	"31.0,0.0,1.0,missing,1.0,0.0,0.0,0.0,0.0,0.0645,0.9355,0.0,0.0,0.75,0.25,0.0,0.0,missing,missing,missing"
"Enterprisecity_al,"	"21178.0,0.0432,0.9568,37661.0,0.8892,0.0173,0.0564,0.0358,0.016,0.7162,0.2295,0.0013,0.0388,0.8431,0.1161,0.0625,0.0,0.1674,0.453,0.0075"
"Epestown_al,"	"206.0,0.0,1.0,25625.0,0.9195,0.0,0.0345,0.046,0.0,0.1553,0.8398,0.0,0.0,0.7457,0.2543,0.0231,0.0,missing,missing,missing"
"Ethelsvilletown_al,"	"81.0,0.0169,0.9831,missing,1.0,0.0,0.0,0.0,0.0,0.8642,0.1358,0.0,0.0,0.7692,0.2115,0.0577,0.0,missing,missing,missing"
"Eufaulacity_al,"	"13908.0,0.0174,0.9826,27910.0,0.9485,0.0024,0.035,0.0142,0.0047,0.5728,0.4042,0.0,0.0153,0.8474,0.1162,0.0635,0.0,0.2305,0.4982,0.0025"
"Eunolatown_al,"	"182.0,0.0,1.0,missing,1.0,0.0,0.0,0.0,0.0,0.8956,0.0879,0.0,0.0055,0.7389,0.2357,0.0318,0.0,missing,missing,missing"
"Eutawcity_al,"	"1878.0,0.0053,0.9947,23056.0,0.975,0.0026,0.0105,0.0118,0.0021,0.3301,0.6603,0.0,0.0037,0.7672,0.1933,0.06,0.0,0.2441,0.4984,0.0016"
"Evatown_al,"	"491.0,0.0087,0.9913,missing,0.9672,0.0,0.0219,0.0109,0.0,0.9837,0.0,0.0,0.0041,0.8469,0.102,0.0969,0.0,missing,missing,missing"
"Evergreencity_al,"	"3630.0,0.0016,0.9984,20979.0,0.9639,0.0,0.0129,0.0232,0.0019,0.4623,0.5278,0.0,0.0083,0.8014,0.153,0.069,0.0,0.219,0.5463,0.0061"
"Exceltown_al,"	"582.0,0.0,1.0,missing,1.0,0.0,0.0,0.0,0.0,0.9725,0.0172,0.0,0.0086,0.8797,0.0778,0.0708,0.0,missing,missing,missing"
"Fairfieldcity_al,"	"12381.0,0.0065,0.9935,27845.0,0.9394,0.0,0.032,0.0238,0.0015,0.089,0.9023,0.0048,0.0059,0.8164,0.1398,0.0692,0.0,0.1473,0.4869,0.0049"
"Fairhopecity_al,"	"12480.0,0.0313,0.9687,42913.0,0.9376,0.0023,0.0236,0.0352,0.0062,0.9022,0.0779,0.0013,0.0104,0.8303,0.1302,0.0712,0.0,missing,missing,missing"
"Fairviewtown_al,"	"522.0,0.1617,0.8383,31875.0,0.8135,0.0,0.1554,0.0311,0.0019,0.8659,0.0,0.0,0.1628,0.7666,0.1304,0.1167,0.0,0.2963,0.5185,0.0"
"Falkvilletown_al,"	"1202.0,0.0194,0.9806,34583.0,0.9158,0.0,0.0579,0.0263,0.0,0.9226,0.0591,0.0,0.0042,0.8034,0.1692,0.0321,0.0,missing,missing,missing"
"Faunsdaletown_al,"	"87.0,0.0,1.0,missing,1.0,0.0,0.0,0.0,0.0,0.5402,0.4598,0.0,0.046,0.7209,0.186,0.093,0.0,missing,missing,missing"
"Fayettecity_al,"	"4922.0,0.0186,0.9814,25714.0,0.9605,0.0067,0.0202,0.0125,0.0028,0.7534,0.2338,0.0,0.0095,0.8179,0.1448,0.0687,0.0,missing,missing,missing"
"FivePointstown_al,"	"146.0,0.0,1.0,missing,0.8305,0.0,0.1186,0.0508,0.0,0.4726,0.5205,0.0,0.0,0.8136,0.161,0.0424,0.0,missing,missing,missing"
"Flomatontown_al,"	"1588.0,0.0103,0.9897,25875.0,0.9632,0.0,0.0322,0.0046,0.0006,0.7361,0.2324,0.0,0.0183,0.821,0.1519,0.0575,0.0,missing,missing,missing"
"Floralacity_al,"	"1964.0,0.0132,0.9868,17377.0,0.9563,0.0092,0.0184,0.0161,0.0061,0.8075,0.1568,0.0,0.0265,0.7646,0.1904,0.0673,0.0,missing,missing,missing"
"Florencecity_al,"	"36264.0,0.0156,0.9844,28330.0,0.9551,0.0039,0.0229,0.0176,0.0062,0.7839,0.192,0.0004,0.0134,0.8038,0.138,0.0881,0.0,0.1854,0.4863,0.0149"
"Foleycity_al,"	"7590.0,0.0377,0.9623,31596.0,0.9171,0.0052,0.0517,0.026,0.0055,0.7449,0.2186,0.0,0.0464,0.8265,0.1361,0.066,0.0,0.1897,0.5917,0.0"
"ForestdaleCDP_al,"	"10509.0,0.0062,0.9938,43111.0,0.9671,0.0037,0.0131,0.0161,0.0035,0.5287,0.4592,0.0,0.0046,0.8173,0.1464,0.0638,0.0,0.1248,0.5639,0.0069"
"Forklandtown_al,"	"629.0,0.0043,0.9957,18698.0,0.9396,0.0,0.0528,0.0075,0.0,0.1065,0.8919,0.0,0.0,0.744,0.2103,0.0794,0.0,0.3372,0.4791,0.007"
"FortDeposittown_al,"	"1270.0,0.0,1.0,20433.0,0.957,0.0,0.0387,0.0043,0.0,0.315,0.6819,0.0,0.0047,0.7804,0.1929,0.0591,0.0,0.3582,0.434,0.0"
"FortPaynecity_al,"	"12938.0,0.0985,0.9015,33560.0,0.8887,0.0048,0.0873,0.018,0.0055,0.8322,0.0453,0.0012,0.1217,0.8585,0.1126,0.0536,0.0,missing,missing,missing"
"FortRuckerCDP_al,"	"6052.0,0.0623,0.9377,missing,0.7357,0.0244,0.1519,0.0845,0.0205,0.6852,0.1813,0.0036,0.1168,0.9336,0.0322,0.0793,0.0,0.0132,0.535,0.0024"
"Franklintown_al,"	"149.0,0.0,1.0,missing,1.0,0.0,0.0,0.0,0.0,0.4362,0.5638,0.0,0.0067,0.757,0.215,0.0561,0.0,missing,missing,missing"
"FriscoCitytown_al,"	"1460.0,0.0065,0.9935,26176.0,0.9354,0.005,0.0265,0.0149,0.0041,0.5295,0.4356,0.0182,0.0116,0.8283,0.1562,0.0409,0.0,missing,missing,missing"
"Fruithurstcity_al,"	"270.0,0.0256,0.9744,missing,0.9593,0.0,0.0163,0.0244,0.0,0.9963,0.0037,0.0,0.0074,0.7137,0.2137,0.1129,0.0,missing,missing,missing"
"Fultondalecity_al,"	"6595.0,0.0289,0.9711,38006.0,0.9417,0.0172,0.0259,0.0152,0.0038,0.916,0.0534,0.0,0.0159,0.8273,0.1448,0.039,0.0,missing,missing,missing"
"Fultontown_al,"	"308.0,0.0068,0.9932,23750.0,0.9912,0.0,0.0,0.0088,0.0,0.8214,0.1786,0.0,0.0,0.8558,0.0962,0.0721,0.0,0.2959,0.5207,0.0"
"Fyffetown_al,"	"971.0,0.0231,0.9769,missing,0.953,0.0,0.047,0.0,0.0031,0.9403,0.0093,0.0,0.0185,0.8472,0.116,0.0552,0.0,missing,missing,missing"
"Gadsdencity_al,"	"38978.0,0.0262,0.9738,24823.0,0.9493,0.0035,0.0347,0.0098,0.0053,0.6269,0.34,0.0027,0.0267,0.7941,0.1678,0.0689,0.0,0.2538,0.5002,0.0031"
"Gainesvilletown_al,"	"220.0,0.0,1.0,missing,0.9759,0.0,0.0,0.0241,0.0,0.2273,0.7727,0.0,0.0,0.7574,0.1765,0.0809,0.0,missing,missing,missing"
"Gantttown_al,"	"241.0,0.0192,0.9808,missing,0.9358,0.0183,0.0459,0.0,0.0,0.7593,0.2199,0.0,0.0083,0.7574,0.1931,0.0792,0.0,missing,missing,missing"
"GardenCitytown_al,"	"564.0,0.0037,0.9963,28000.0,0.9762,0.0,0.0238,0.0,0.0,0.9929,0.0,0.0,0.0089,0.7981,0.1601,0.0696,0.0,missing,missing,missing"
"Gardendalecity_al,"	"11626.0,0.0178,0.9822,45786.0,0.95,0.0048,0.0186,0.0248,0.0053,0.9719,0.0148,0.0019,0.0065,0.8534,0.1144,0.0579,0.0,missing,missing,missing"
"Gaylesvilletown_al,"	"140.0,0.0,1.0,missing,1.0,0.0,0.0,0.0,0.0,0.9929,0.0,0.0,0.0,0.8125,0.1875,0.0357,0.0,missing,missing,missing"
"Geigertown_al,"	"161.0,0.0127,0.9873,17917.0,0.9623,0.0,0.0377,0.0,0.0,0.2981,0.7019,0.0,0.0,0.6953,0.2422,0.1016,0.0,missing,missing,missing"
"Genevacity_al,"	"4388.0,0.0041,0.9959,22096.0,0.9607,0.0,0.0224,0.0168,0.0005,0.8412,0.1418,0.0,0.0109,0.8233,0.1462,0.0518,0.0,missing,missing,missing"
"Georgianatown_al,"	"1737.0,0.0077,0.9923,17014.0,0.9693,0.0061,0.0107,0.0138,0.0,0.3736,0.6177,0.0,0.0035,0.7765,0.1902,0.0618,0.0,missing,missing,missing"
"Geraldinetown_al,"	"786.0,0.0027,0.9973,24028.0,0.956,0.0,0.0293,0.0147,0.0,0.9796,0.0,0.0,0.0038,0.8206,0.1545,0.0465,0.0,missing,missing,missing"
"Gilbertowntown_al,"	"187.0,0.0,1.0,missing,0.963,0.0,0.037,0.0,0.0,0.8663,0.107,0.0,0.0,0.8784,0.0946,0.0541,0.0,missing,missing,missing"
"GlenAllentown_al,"	"442.0,0.0,1.0,missing,0.9502,0.0,0.0398,0.01,0.0068,0.8303,0.1561,0.0,0.0136,0.8214,0.1454,0.0485,0.0,missing,missing,missing"
"Glencoecity_al,"	"5152.0,0.0059,0.9941,38385.0,0.9644,0.0,0.0263,0.0093,0.0017,0.9693,0.0173,0.0,0.0035,0.8294,0.1361,0.0517,0.0,0.1853,0.5334,0.0017"
"Glenwoodtown_al,"	"191.0,0.0,1.0,missing,0.9157,0.0,0.0361,0.0482,0.0,0.6911,0.2984,0.0,0.0052,0.8849,0.0863,0.0647,0.0,missing,missing,missing"
"Goldvilletown_al,"	"37.0,0.0,1.0,missing,1.0,0.0,0.0,0.0,0.0,1.0,0.0,0.0,0.0,0.8,0.0,0.3,0.0,missing,missing,missing"
"GoodHopetown_al,"	"1966.0,0.002,0.998,missing,0.9823,0.0,0.0177,0.0,0.0015,0.9883,0.001,0.0,0.0112,0.8526,0.119,0.056,0.0,missing,missing,missing"
"Goodwatercity_al,"	"1633.0,0.0049,0.9951,22188.0,0.9696,0.0032,0.0208,0.0032,0.0012,0.2566,0.733,0.0032,0.0055,0.7823,0.185,0.0431,0.0,missing,missing,missing"
"Gordontown_al,"	"408.0,0.0,1.0,missing,0.9781,0.0,0.0219,0.0,0.0025,0.2304,0.7402,0.0,0.0147,0.8053,0.1718,0.0382,0.0,missing,missing,missing"
"Gordonvilletown_al,"	"318.0,0.0,1.0,missing,0.931,0.0,0.069,0.0,0.0,0.0377,0.9591,0.0,0.0126,0.6571,0.3357,0.0071,0.0,missing,missing,missing"
"Gordotown_al,"	"1677.0,0.0006,0.9994,23813.0,0.9514,0.0,0.0386,0.01,0.0,0.5891,0.4031,0.0,0.0125,0.8085,0.1653,0.0609,0.0,0.2466,0.5422,0.0045"
"Goshentown_al,"	"300.0,0.0,1.0,24219.0,1.0,0.0,0.0,0.0,0.0,0.6767,0.2933,0.0,0.0,0.8596,0.1149,0.034,0.0,missing,missing,missing"
"GrandBayCDP_al,"	"3918.0,0.0093,0.9907,38941.0,0.9632,0.0057,0.0234,0.0078,0.0079,0.89,0.0888,0.0,0.0087,0.8359,0.1376,0.065,0.0,0.2702,0.526,0.0031"
"Granttown_al,"	"665.0,0.0,1.0,37188.0,0.9819,0.0,0.0072,0.0109,0.0015,0.9654,0.006,0.0,0.003,0.8494,0.0927,0.0772,0.0,missing,missing,missing"
"GraysonValleyCDP_al,"	"5447.0,0.0117,0.9883,50691.0,0.949,0.0081,0.0138,0.029,0.0057,0.9457,0.0356,0.0,0.007,0.9172,0.0644,0.0414,0.0,missing,missing,missing"
"Graysvillecity_al,"	"2344.0,0.0084,0.9916,30994.0,0.9347,0.0188,0.0388,0.0078,0.0034,0.7526,0.2312,0.0,0.0047,0.853,0.1217,0.0639,0.0,missing,missing,missing"
"Greensborocity_al,"	"2731.0,0.0025,0.9975,22930.0,0.9518,0.0,0.0315,0.0167,0.0,0.383,0.6089,0.0,0.0088,0.7911,0.173,0.0722,0.0,missing,missing,missing"
"Greenvillecity_al,"	"7228.0,0.0045,0.9955,22106.0,0.9445,0.0052,0.0318,0.0164,0.0036,0.5069,0.4831,0.0021,0.0086,0.7741,0.1865,0.0651,0.0,0.2788,0.4793,0.0035"
"Grimestown_al,"	"459.0,0.0108,0.9892,28839.0,0.963,0.0,0.0265,0.0106,0.0022,0.6078,0.3638,0.0,0.0065,0.8447,0.1316,0.0447,0.0,missing,missing,missing"
"GroveHilltown_al,"	"1438.0,0.0014,0.9986,31012.0,0.9455,0.0053,0.0264,0.0228,0.0,0.6196,0.3727,0.0,0.0035,0.8045,0.1422,0.0698,0.0,missing,missing,missing"
"Gu-Wintown_al,"	"204.0,0.0,1.0,missing,0.9506,0.0,0.0494,0.0,0.0,1.0,0.0,0.0,0.0294,0.7,0.225,0.1,0.0,missing,missing,missing"
"Guincity_al,"	"2389.0,0.0129,0.9871,26618.0,0.9658,0.0068,0.0245,0.0029,0.0008,0.8669,0.1185,0.0,0.0054,0.8358,0.1418,0.049,0.0,missing,missing,missing"
"GulfShorescity_al,"	"5044.0,0.043,0.957,41826.0,0.937,0.0,0.0232,0.0397,0.003,0.9754,0.0022,0.0,0.0123,0.8138,0.146,0.0815,0.0,missing,missing,missing"
"Guntersvillecity_al,"	"7395.0,0.0065,0.9935,29882.0,0.9427,0.003,0.0418,0.0125,0.0041,0.8817,0.0853,0.0,0.0287,0.7891,0.1682,0.0769,0.0,missing,missing,missing"
"Gurleytown_al,"	"876.0,0.0079,0.9921,23831.0,0.9331,0.0,0.0334,0.0195,0.0034,0.8185,0.1541,0.0139,0.0205,0.7878,0.1766,0.0682,0.0,0.3082,0.5685,0.0"
"Hackleburgtown_al,"	"1527.0,0.002,0.998,26075.0,0.979,0.0,0.018,0.003,0.0,0.9921,0.0013,0.0,0.0026,0.8259,0.1543,0.0668,0.0,missing,missing,missing"
"Haleburgtown_al,"	"108.0,0.0,1.0,25500.0,1.0,0.0,0.0,0.0,0.0,0.7778,0.1852,0.0,0.0093,0.7901,0.2099,0.0,0.0,missing,missing,missing"
"Haleyvillecity_al,"	"4182.0,0.0242,0.9758,24907.0,0.9755,0.006,0.0185,0.0,0.0012,0.9481,0.0148,0.0,0.0311,0.8122,0.1475,0.0687,0.0,missing,missing,missing"
"Hamiltoncity_al,"	"6786.0,0.0021,0.9979,27489.0,0.9575,0.0033,0.0299,0.0092,0.0049,0.9041,0.0759,0.0,0.0171,0.7986,0.1666,0.047,0.0,missing,missing,missing"
"Hammondvilletown_al,"	"486.0,0.0021,0.9979,33056.0,0.9355,0.0,0.0376,0.0269,0.0041,0.9527,0.0165,0.0,0.0267,0.8761,0.0761,0.0761,0.0,missing,missing,missing"
"Hancevillecity_al,"	"2951.0,0.0288,0.9712,26351.0,0.9428,0.0,0.0494,0.0035,0.0007,0.9309,0.0461,0.0043,0.023,0.8014,0.1492,0.0738,0.0,missing,missing,missing"
"Harpersvilletown_al,"	"1620.0,0.0024,0.9976,31655.0,0.9666,0.0,0.0317,0.0017,0.0068,0.6957,0.287,0.0,0.0062,0.8114,0.151,0.0563,0.0,0.2765,0.5539,0.0057"
"Hartfordcity_al,"	"2369.0,0.0047,0.9953,23324.0,0.9826,0.0,0.0174,0.0,0.0,0.7911,0.1963,0.0,0.0169,0.7842,0.1718,0.0691,0.0,missing,missing,missing"
"Hartsellecity_al,"	"12019.0,0.0153,0.9847,40461.0,0.9651,0.0027,0.0264,0.0048,0.0031,0.9225,0.0516,0.001,0.0129,0.8536,0.1171,0.0545,0.0,missing,missing,missing"
"HarvestCDP_al,"	"3054.0,0.0074,0.9926,missing,0.952,0.0103,0.0376,0.0,0.0111,0.7656,0.1876,0.0,0.0098,0.8843,0.0922,0.0457,0.0,missing,missing,missing"
"Haydentown_al,"	"470.0,0.0043,0.9957,31484.0,0.9695,0.0051,0.0254,0.0,0.0043,0.9191,0.066,0.0,0.0021,0.8839,0.1048,0.0482,0.0,missing,missing,missing"
"Haynevilletown_al,"	"1177.0,0.0026,0.9974,19554.0,0.9618,0.0072,0.0239,0.0072,0.0017,0.1342,0.8547,0.0,0.0034,0.7643,0.2054,0.0525,0.0,0.2586,0.5429,0.006"
"HazelGreenCDP_al,"	"3805.0,0.0164,0.9836,missing,0.9495,0.0061,0.0092,0.0207,0.005,0.9356,0.0265,0.0145,0.0176,0.8473,0.1132,0.0704,0.0,0.1311,0.5397,0.0032"
"Headlandcity_al,"	"3523.0,0.0104,0.9896,34388.0,0.954,0.012,0.0227,0.0113,0.0009,0.6753,0.3128,0.0,0.002,0.8501,0.1111,0.0645,0.0,0.1994,0.5266,0.0"
"Heathtown_al,"	"249.0,0.0092,0.9908,missing,0.9912,0.0,0.0088,0.0,0.0,0.8835,0.0924,0.0,0.0321,0.8837,0.093,0.0698,0.0,missing,missing,missing"
"Heflincity_al,"	"3002.0,0.0141,0.9859,28398.0,0.9533,0.0,0.0419,0.0048,0.0033,0.8588,0.1183,0.0,0.0193,0.8241,0.1317,0.065,0.0,0.311,0.4531,0.0038"
"Helenacity_al,"	"10296.0,0.0148,0.9852,missing,0.9544,0.0048,0.0229,0.0179,0.0065,0.9325,0.05,0.0,0.01,0.9102,0.0414,0.0728,0.0,missing,missing,missing"
"Henagartown_al,"	"2400.0,0.0,1.0,29777.0,0.9611,0.0032,0.0242,0.0116,0.0004,0.9646,0.0,0.0,0.0071,0.8448,0.1169,0.0606,0.0,missing,missing,missing"
"HighlandLaketown_al,"	"408.0,0.0162,0.9838,missing,0.8854,0.0,0.0382,0.0764,0.0074,0.973,0.0025,0.0,0.0074,0.8562,0.1182,0.0703,0.0,0.0975,0.5199,0.0072"
"Hillsborotown_al,"	"608.0,0.0,1.0,missing,0.9314,0.0,0.049,0.0196,0.0,0.1464,0.8224,0.0,0.0099,0.8768,0.0986,0.0472,0.0,missing,missing,missing"
"HobsonCitytown_al,"	"878.0,0.0031,0.9969,17589.0,1.0,0.0,0.0,0.0,0.0,0.0615,0.9271,0.0,0.0057,0.7865,0.1713,0.0716,0.0,missing,missing,missing"
"Hodgestown_al,"	"261.0,0.0034,0.9966,missing,0.951,0.0,0.0294,0.0196,0.0,1.0,0.0,0.0,0.0,0.8063,0.1441,0.0766,0.0,missing,missing,missing"
"HokesBluffcity_al,"	"4149.0,0.0063,0.9937,37923.0,0.9693,0.0059,0.016,0.0089,0.0007,0.9899,0.001,0.0,0.0046,0.8266,0.1348,0.0677,0.0,0.1313,0.6368,0.0075"
"HollyPondtown_al,"	"645.0,0.0174,0.9826,28182.0,0.9395,0.0081,0.0444,0.0081,0.0016,0.9767,0.0,0.0,0.0341,0.8462,0.1227,0.0644,0.0,missing,missing,missing"
"Hollywoodtown_al,"	"950.0,0.0079,0.9921,27500.0,0.9586,0.0,0.0331,0.0083,0.0,0.8063,0.1632,0.0,0.0042,0.8498,0.1245,0.0572,0.0,missing,missing,missing"
"HoltCDP_al,"	"4103.0,0.0076,0.9924,27273.0,0.9623,0.0031,0.0136,0.021,0.0002,0.5167,0.4704,0.0,0.0149,0.8009,0.1612,0.0701,0.0,0.2496,0.5736,0.0024"
"Homewoodcity_al,"	"25043.0,0.0637,0.9363,45431.0,0.8924,0.0172,0.0355,0.0359,0.0257,0.7975,0.153,0.0189,0.028,0.8498,0.0831,0.1081,0.0,0.0446,0.3394,0.0226"
"Hoovercity_al,"	"62742.0,0.0636,0.9364,61982.0,0.904,0.0173,0.0416,0.0288,0.0289,0.8766,0.0677,0.0083,0.0379,0.8868,0.073,0.0689,0.0,0.0383,0.3707,0.0195"
"HornHilltown_al,"	"235.0,0.0,1.0,missing,0.9485,0.0,0.0309,0.0206,0.0,0.9702,0.017,0.0,0.0043,0.8121,0.1576,0.0424,0.0,missing,missing,missing"
"Hueytowncity_al,"	"15364.0,0.0046,0.9954,41225.0,0.9739,0.0,0.0119,0.0115,0.0013,0.8381,0.1549,0.0027,0.0047,0.8428,0.1132,0.0625,0.0,missing,missing,missing"
"HuguleyCDP_al,"	"2953.0,0.0074,0.9926,28475.0,0.9331,0.0,0.0375,0.0294,0.0007,0.7376,0.2516,0.0,0.0102,0.8337,0.1187,0.0593,0.0,missing,missing,missing"
"Huntsvillecity_al,"	"158216.0,0.0493,0.9507,41074.0,0.916,0.0159,0.0288,0.0336,0.0222,0.6447,0.3021,0.0057,0.0204,0.8379,0.1104,0.0809,0.0,0.1179,0.4374,0.0169"
"Hurtsborotown_al,"	"592.0,0.0,1.0,16691.0,0.9763,0.0,0.0203,0.0,0.0,0.2939,0.7027,0.0034,0.0017,0.7182,0.25,0.0593,0.0,missing,missing,missing"
"Hytoptown_al,"	"315.0,0.0,1.0,missing,0.9703,0.0,0.0297,0.0,0.0,0.9619,0.0,0.0,0.0032,0.939,0.0329,0.0704,0.0,missing,missing,missing"
"Idertown_al,"	"664.0,0.0092,0.9908,missing,0.9619,0.0,0.0104,0.0277,0.0,0.9639,0.0,0.0,0.006,0.8076,0.181,0.0248,0.0,missing,missing,missing"
"IndianSpringsVilla_al,"	"2225.0,0.0162,0.9838,missing,0.9614,0.0026,0.027,0.0039,0.009,0.9811,0.0009,0.0051,0.0013,0.8686,0.0937,0.0701,0.0,missing,missing,missing"
"Irondalecity_al,"	"9813.0,0.0437,0.9563,46203.0,0.9324,0.0025,0.0333,0.0285,0.0095,0.7169,0.2528,0.0033,0.0268,0.8279,0.1229,0.069,0.0,missing,missing,missing"
"Jacksoncity_al,"	"5419.0,0.0103,0.9897,34806.0,0.9447,0.0046,0.0302,0.0206,0.0037,0.6042,0.3849,0.0,0.0065,0.8417,0.1231,0.046,0.0,missing,missing,missing"
"Jacksons'Gaptown_al,"	"761.0,0.0153,0.9847,23026.0,0.9395,0.0064,0.0414,0.0127,0.0026,0.6965,0.2904,0.0,0.0039,0.8399,0.1346,0.0477,0.0,missing,missing,missing"
"Jacksonvillecity_al,"	"8404.0,0.0202,0.9798,missing,0.947,0.0167,0.0092,0.0271,0.0129,0.762,0.2018,0.0,0.0187,0.7677,0.1135,0.1741,0.0,missing,missing,missing"
"Jaspercity_al,"	"14052.0,0.0129,0.9871,33044.0,0.9503,0.0017,0.0347,0.0132,0.0053,0.8415,0.1398,0.0,0.0135,0.8199,0.1454,0.064,0.0,0.2143,0.4708,0.0056"
"Jemisontown_al,"	"2248.0,0.0308,0.9692,33250.0,0.9479,0.0,0.0438,0.0083,0.0018,0.7754,0.1948,0.0,0.0294,0.8453,0.1232,0.0566,0.0,0.2891,0.564,0.0"
"Kansastown_al,"	"260.0,0.0,1.0,23021.0,0.9541,0.0,0.0459,0.0,0.0038,0.9923,0.0,0.0,0.0,0.81,0.175,0.045,0.0,missing,missing,missing"
"Kennedytown_al,"	"541.0,0.0038,0.9962,missing,0.9815,0.0,0.0185,0.0,0.0,0.854,0.1368,0.0,0.0018,0.8093,0.1565,0.0513,0.0,missing,missing,missing"
"Killentown_al,"	"1119.0,0.0069,0.9931,missing,0.9675,0.0,0.007,0.0186,0.0045,0.9526,0.0223,0.007,0.0259,0.8356,0.1153,0.0726,0.0,missing,missing,missing"
"Kimberlytown_al,"	"1801.0,0.0091,0.9909,46343.0,0.9709,0.0016,0.0258,0.0016,0.0017,0.9578,0.0161,0.0,0.0117,0.8914,0.0877,0.0403,0.0,0.1665,0.585,0.0"
" "	"population,foreign,native,hh_income,pct_english,pct_asian_lang,pct_spanish,pct_euro,pct_asian,pct_white,pct_black,pct_other,pct_hispanic,pct_full_time,pct_no_work,pct_part_time,pct_urban,less_than_hs,less_bachelors,doctorate"
"Kinseytown_al,"	"1796.0,0.0078,0.9922,27578.0,0.9547,0.0099,0.0297,0.0057,0.0033,0.5807,0.4048,0.0,0.0122,0.8709,0.105,0.0537,0.0,missing,missing,missing"
"Kinstontown_al,"	"602.0,0.0099,0.9901,30875.0,0.9558,0.0161,0.0281,0.0,0.0017,0.9352,0.0017,0.0,0.0033,0.8203,0.1385,0.0541,0.0,missing,missing,missing"
"LaFayettecity_al,"	"3234.0,0.0031,0.9969,22768.0,0.9587,0.0,0.0211,0.0202,0.0015,0.3207,0.6729,0.0,0.0071,0.7306,0.2278,0.0541,0.0,missing,missing,missing"
"LadoniaCDP_al,"	"3229.0,0.0212,0.9788,missing,0.9336,0.0065,0.0356,0.0243,0.0022,0.9182,0.0523,0.0,0.0146,0.795,0.1668,0.0563,0.0,missing,missing,missing"
"LakePurdyCDP_al,"	"5799.0,0.0541,0.9459,54349.0,0.9066,0.026,0.0191,0.0422,0.0414,0.8662,0.0778,0.0061,0.0343,0.9259,0.0544,0.0559,0.0,missing,missing,missing"
"LakeViewtown_al,"	"1357.0,0.0107,0.9893,54879.0,0.9528,0.0,0.0267,0.0205,0.0022,0.9735,0.0081,0.0,0.0022,0.8934,0.0696,0.084,0.0,missing,missing,missing"
"Lakeviewtown_al,"	"163.0,0.0123,0.9877,missing,0.9394,0.0,0.0606,0.0,0.0,0.9509,0.0,0.0,0.0,0.8222,0.1407,0.037,0.0,missing,missing,missing"
"Lanettcity_al,"	"7897.0,0.0148,0.9852,26197.0,0.9604,0.0,0.0241,0.0155,0.0022,0.4536,0.5358,0.0,0.008,0.8206,0.1522,0.0469,0.0,0.3007,0.4891,0.0014"
"Langstontown_al,"	"254.0,0.0,1.0,33333.0,1.0,0.0,0.0,0.0,0.0,0.9409,0.0315,0.0,0.0,0.8167,0.1833,0.0278,0.0,missing,missing,missing"
"Leedscity_al,"	"10455.0,0.0107,0.9893,37420.0,0.956,0.0027,0.0297,0.0116,0.0048,0.8198,0.1591,0.0,0.0134,0.8527,0.1168,0.0499,0.0,0.1779,0.5538,0.0043"
"Leesburgtown_al,"	"799.0,0.0,1.0,34779.0,0.9553,0.0,0.0351,0.0096,0.0025,0.9912,0.0,0.0,0.0038,0.835,0.1359,0.0502,0.0,missing,missing,missing"
"Leightontown_al,"	"849.0,0.0186,0.9814,20500.0,0.9344,0.0,0.0492,0.0164,0.0,0.4441,0.5512,0.0,0.0094,0.7706,0.1948,0.0505,0.0,0.4062,0.4303,0.0086"
"Lestertown_al,"	"107.0,0.0,1.0,missing,0.9231,0.0,0.0,0.0769,0.0,1.0,0.0,0.0,0.0,0.8961,0.1039,0.026,0.0,missing,missing,missing"
"LevelPlainstown_al,"	"1544.0,0.0657,0.9343,38269.0,0.872,0.0341,0.041,0.0495,0.0207,0.7986,0.1347,0.0034,0.0304,0.8658,0.1048,0.045,0.0,missing,missing,missing"
"Lexingtontown_al,"	"840.0,0.0048,0.9952,31736.0,0.9859,0.0,0.0085,0.0056,0.0,0.9929,0.0,0.0,0.0036,0.8099,0.1433,0.0599,0.0,missing,missing,missing"
"Libertyvilletown_al,"	"106.0,0.0,1.0,missing,0.9362,0.0,0.0638,0.0,0.0377,0.9151,0.0,0.0,0.0094,0.9036,0.0964,0.0241,0.0,missing,missing,missing"
"Lincolncity_al,"	"4577.0,0.0069,0.9931,34053.0,0.914,0.0035,0.039,0.0436,0.0007,0.719,0.2705,0.0,0.007,0.8618,0.1186,0.0396,0.0,missing,missing,missing"
"Lindencity_al,"	"2424.0,0.0104,0.9896,22303.0,0.942,0.0052,0.0362,0.0124,0.0033,0.5243,0.462,0.0041,0.0107,0.8064,0.1624,0.0547,0.0,0.2162,0.5177,0.0038"
"Linevillecity_al,"	"2401.0,0.0092,0.9908,23468.0,0.9573,0.0,0.0262,0.0165,0.0017,0.6022,0.3778,0.0,0.0262,0.7879,0.1783,0.0583,0.0,missing,missing,missing"
"Lipscombcity_al,"	"2458.0,0.0221,0.9779,30865.0,0.8979,0.0255,0.058,0.0186,0.0004,0.3255,0.6558,0.0,0.0224,0.805,0.1677,0.0595,0.0,0.2173,0.6166,0.004"
"Lismantown_al,"	"653.0,0.0,1.0,20333.0,0.9628,0.0041,0.0248,0.0083,0.0,0.072,0.9142,0.0,0.0015,0.762,0.1834,0.0677,0.0,missing,missing,missing"
"Littlevilletown_al,"	"978.0,0.0021,0.9979,32583.0,0.9711,0.0026,0.0262,0.0,0.0,0.9857,0.0,0.0,0.0082,0.8365,0.13,0.063,0.0,missing,missing,missing"
"Livingstoncity_al,"	"3297.0,0.0024,0.9976,13516.0,0.9599,0.0022,0.0304,0.0074,0.0018,0.3782,0.6078,0.0,0.0143,0.7806,0.1748,0.087,0.0,0.2087,0.4128,0.0186"
"Loachapokatown_al,"	"165.0,0.0073,0.9927,missing,0.9636,0.0182,0.0182,0.0,0.0061,0.3818,0.6121,0.0,0.0061,0.8108,0.1622,0.0541,0.0,missing,missing,missing"
"Lockharttown_al,"	"548.0,0.0073,0.9927,missing,0.9571,0.0,0.0429,0.0,0.0,0.7482,0.2391,0.0,0.0219,0.8384,0.1311,0.0562,0.0,missing,missing,missing"
"LocustForktown_al,"	"1016.0,0.0038,0.9962,39333.0,0.9534,0.0,0.0337,0.0078,0.0,0.9892,0.0,0.0052,0.0049,0.8522,0.1223,0.0471,0.0,missing,missing,missing"
"Louisvilletown_al,"	"612.0,0.0711,0.9289,20859.0,0.9537,0.0,0.0463,0.0,0.0,0.5294,0.4069,0.0,0.0637,0.7836,0.1715,0.0604,0.0,missing,missing,missing"
"Lowndesborotown_al,"	"140.0,0.0114,0.9886,missing,0.9878,0.0,0.0122,0.0,0.0,0.7143,0.25,0.0,0.0357,0.8058,0.1511,0.0647,0.0,missing,missing,missing"
"Loxleytown_al,"	"1348.0,0.0185,0.9815,missing,0.949,0.0,0.0316,0.0158,0.0052,0.9058,0.0534,0.0035,0.0289,0.8406,0.126,0.076,0.0,0.2272,0.5543,0.0087"
"Luvernecity_al,"	"2635.0,0.008,0.992,22457.0,0.9581,0.0,0.0192,0.0227,0.0015,0.7025,0.2843,0.0,0.0068,0.8173,0.1588,0.047,0.0,missing,missing,missing"
"Lynntown_al,"	"597.0,0.0053,0.9947,26125.0,0.9644,0.0,0.0237,0.0119,0.0017,0.9832,0.0017,0.0,0.0,0.8479,0.1365,0.0336,0.0,missing,missing,missing"
"Macedoniatown_al,"	"291.0,0.0058,0.9942,missing,0.9558,0.0,0.0442,0.0,0.0,0.0653,0.9175,0.0,0.0,0.8109,0.1723,0.0294,0.0,missing,missing,missing"
"Madisoncity_al,"	"29329.0,0.0561,0.9439,63849.0,0.893,0.0235,0.0346,0.0406,0.0351,0.8015,0.13,0.0083,0.023,0.9003,0.0562,0.0713,0.0,0.0433,0.3641,0.0149"
"Madridtown_al,"	"303.0,0.0064,0.9936,missing,0.9542,0.0305,0.0153,0.0,0.0033,0.8284,0.1617,0.0,0.0,0.8361,0.1434,0.0369,0.0,missing,missing,missing"
"Malverntown_al,"	"1215.0,0.0115,0.9885,missing,0.9554,0.0,0.0365,0.0081,0.0025,0.9457,0.0222,0.0,0.0132,0.8848,0.0645,0.0761,0.0,missing,missing,missing"
"Maplesvilletown_al,"	"672.0,0.0015,0.9985,missing,0.9676,0.0,0.0252,0.0072,0.0,0.6994,0.2961,0.0,0.0089,0.8096,0.1558,0.0769,0.0,missing,missing,missing"
"Margarettown_al,"	"1169.0,0.0,1.0,30147.0,0.9563,0.0109,0.0328,0.0,0.0034,0.6518,0.3259,0.0,0.0,0.8709,0.1013,0.0848,0.0,missing,missing,missing"
"Marioncity_al,"	"3511.0,0.0035,0.9965,24330.0,0.9721,0.0,0.0148,0.0131,0.0009,0.3626,0.6246,0.0,0.0097,0.751,0.1778,0.1055,0.0,0.234,0.469,0.013"
"Maytowntown_al,"	"435.0,0.0041,0.9959,missing,0.8862,0.0,0.018,0.0958,0.0023,0.7931,0.1908,0.0,0.0,0.8208,0.1584,0.039,0.0,missing,missing,missing"
"McDonaldChapelCDP_al,"	"1054.0,0.0265,0.9735,missing,0.9794,0.0069,0.0,0.0137,0.0266,0.666,0.296,0.0,0.0057,0.7546,0.227,0.0328,0.0,missing,missing,missing"
"McIntoshtown_al,"	"244.0,0.0408,0.9592,28214.0,0.9333,0.0,0.0111,0.0,0.0,0.5533,0.4303,0.0556,0.0041,0.8378,0.1297,0.0541,0.0,0.0828,0.7261,0.0"
"McKenzietown_al,"	"644.0,0.0,1.0,18173.0,0.9512,0.0,0.0418,0.007,0.0016,0.7609,0.2252,0.0,0.0031,0.8276,0.1513,0.0383,0.0,missing,missing,missing"
"McMullentown_al,"	"66.0,0.0,1.0,missing,0.9643,0.0,0.0357,0.0,0.0,0.0,1.0,0.0,0.0,0.7719,0.2281,0.1053,0.0,missing,missing,missing"
"MeadowbrookCDP_al,"	"4697.0,0.0044,0.9956,83715.0,0.9813,0.0,0.015,0.0037,0.0209,0.9429,0.0287,0.0,0.0066,0.8842,0.061,0.0978,0.0,missing,missing,missing"
"Memphistown_al,"	"33.0,0.0,1.0,missing,1.0,0.0,0.0,0.0,0.0,0.0303,0.9697,0.0,0.0,0.8,0.0667,0.1333,0.0,missing,missing,missing"
"Mentonetown_al,"	"451.0,0.006,0.994,missing,0.9522,0.0,0.0239,0.0239,0.0,0.9534,0.0111,0.0,0.0022,0.8026,0.1513,0.0795,0.0,0.2122,0.5436,0.0058"
"MeridianvilleCDP_al,"	"4117.0,0.0221,0.9779,missing,0.9157,0.0068,0.0612,0.0109,0.0073,0.8662,0.094,0.0054,0.007,0.8632,0.0957,0.057,0.0,missing,missing,missing"
"Midfieldcity_al,"	"5626.0,0.0067,0.9933,31378.0,0.9501,0.0043,0.0317,0.0139,0.0043,0.3928,0.5949,0.0,0.0014,0.8199,0.14,0.0616,0.0,missing,missing,missing"
"MidlandCitytown_al,"	"1703.0,0.0046,0.9954,20000.0,0.9414,0.0129,0.0271,0.0186,0.0035,0.7058,0.2519,0.0,0.0076,0.8039,0.158,0.0729,0.0,missing,missing,missing"
"Midwaytown_al,"	"457.0,0.0087,0.9913,12143.0,0.9767,0.0,0.0233,0.0,0.0,0.1116,0.8884,0.0,0.0022,0.7672,0.1803,0.0525,0.0,0.3671,0.5021,0.0"
"MignonCDP_al,"	"1348.0,0.0092,0.9908,21019.0,0.9556,0.0,0.0,0.0444,0.0015,0.7619,0.2211,0.0,0.0052,0.7493,0.1974,0.0808,0.0,missing,missing,missing"
"Millbrookcity_al,"	"10386.0,0.014,0.986,43838.0,0.9452,0.0031,0.0299,0.0218,0.0057,0.7986,0.1711,0.0,0.0144,0.89,0.074,0.0737,0.0,missing,missing,missing"
"Millporttown_al,"	"1160.0,0.0034,0.9966,missing,0.9543,0.0,0.0353,0.0104,0.0,0.6552,0.3397,0.0,0.0103,0.7976,0.173,0.0642,0.0,0.3168,0.5046,0.0"
"Millrytown_al,"	"615.0,0.0,1.0,24886.0,0.9251,0.0,0.0562,0.0187,0.0,0.6341,0.3545,0.0,0.0065,0.8132,0.1829,0.0467,0.0,0.224,0.6005,0.0"
"MinorCDP_al,"	"1116.0,0.0,1.0,missing,0.9475,0.0,0.0168,0.0357,0.0009,0.9767,0.009,0.0,0.0036,0.8258,0.1339,0.0403,0.0,missing,missing,missing"
"Mobilecity_al,"	"198915.0,0.0295,0.9705,31445.0,0.9254,0.0106,0.0336,0.0272,0.0152,0.504,0.4629,0.0033,0.0142,0.8208,0.1376,0.0697,0.0,0.1483,0.4982,0.0094"
"Monroevillecity_al,"	"6862.0,0.003,0.997,28229.0,0.9681,0.0011,0.0173,0.0135,0.0058,0.5309,0.4484,0.0,0.009,0.8111,0.1619,0.0436,0.0,missing,missing,missing"
"Montevallocity_al,"	"4825.0,0.0156,0.9844,30541.0,0.9479,0.0,0.0418,0.0103,0.0039,0.7254,0.2589,0.0,0.0158,0.8269,0.1074,0.1103,0.0,0.1654,0.4667,0.0533"
"Montgomerycity_al,"	"201568.0,0.0214,0.9786,35627.0,0.9364,0.0103,0.0305,0.0201,0.0106,0.4767,0.4963,0.0027,0.0123,0.8379,0.1158,0.0737,0.0,0.149,0.4612,0.0101"
"Moodytown_al,"	"8053.0,0.0065,0.9935,39500.0,0.9696,0.0062,0.0167,0.0075,0.0022,0.9409,0.0381,0.0,0.0109,0.8507,0.1242,0.0542,0.0,0.218,0.5702,0.0041"
"MooresMillCDP_al,"	"5178.0,0.0123,0.9877,50292.0,0.9491,0.0108,0.036,0.0041,0.0079,0.7762,0.1858,0.0,0.0098,0.8783,0.1068,0.0391,0.0,missing,missing,missing"
"Mooresvilletown_al,"	"59.0,0.0,1.0,missing,0.85,0.0,0.05,0.1,0.0,0.8814,0.1186,0.0,0.0,0.7209,0.2093,0.0698,0.0,missing,missing,missing"
"Morristown_al,"	"1827.0,0.0047,0.9953,missing,0.9421,0.0,0.0085,0.0466,0.0027,0.9847,0.0049,0.0028,0.0038,0.8997,0.0801,0.0362,0.0,missing,missing,missing"
"Mossestown_al,"	"1101.0,0.0047,0.9953,17031.0,0.9688,0.0,0.017,0.0142,0.0009,0.0118,0.9782,0.0,0.0045,0.7325,0.2318,0.0596,0.0,0.352,0.4404,0.0"
"Moultoncity_al,"	"3260.0,0.0072,0.9928,26591.0,0.9379,0.013,0.0383,0.0043,0.0034,0.7982,0.15,0.0065,0.0083,0.8205,0.1583,0.037,0.0,0.3295,0.4938,0.0013"
"Moundvilletown_al,"	"1809.0,0.0037,0.9963,31944.0,0.9518,0.0,0.0205,0.0278,0.0094,0.613,0.3516,0.0,0.0155,0.8015,0.1493,0.0647,0.0,missing,missing,missing"
"MountOliveCDP_al,"	"3957.0,0.0027,0.9973,48291.0,0.9648,0.0031,0.0214,0.0107,0.0005,0.981,0.0008,0.0,0.0078,0.8307,0.1325,0.0598,0.0,missing,missing,missing"
"MountVernontown_al,"	"844.0,0.0,1.0,29861.0,0.9661,0.0034,0.0203,0.0102,0.0,0.4538,0.5296,0.0,0.0012,0.7964,0.1824,0.0407,0.0,0.2122,0.6483,0.0039"
"MountainBrookcity_al,"	"20604.0,0.0233,0.9767,100483.0,0.9308,0.0065,0.0168,0.0422,0.0065,0.9864,0.0031,0.0037,0.0058,0.8604,0.1004,0.0638,0.0,missing,missing,missing"
"Mountainborotown_al,"	"338.0,0.0138,0.9862,missing,0.9306,0.0139,0.0486,0.0069,0.0148,0.9615,0.003,0.0,0.0178,0.8015,0.1835,0.0412,0.0,missing,missing,missing"
"Mulgatown_al,"	"973.0,0.0034,0.9966,missing,1.0,0.0,0.0,0.0,0.0031,0.851,0.1316,0.0,0.001,0.8476,0.1239,0.0499,0.0,missing,missing,missing"
"MunfordCDP_al,"	"2446.0,0.0,1.0,missing,0.9907,0.0093,0.0,0.0,0.0,0.7081,0.2735,0.0,0.0016,0.8187,0.1573,0.0768,0.0,0.2465,0.547,0.0058"
"MuscleShoalscity_al,"	"11924.0,0.0036,0.9964,40216.0,0.9679,0.0019,0.0173,0.0118,0.0056,0.8388,0.1416,0.0011,0.0116,0.8519,0.1015,0.0807,0.0,missing,missing,missing"
"Myrtlewoodtown_al,"	"139.0,0.0,1.0,missing,1.0,0.0,0.0,0.0,0.0,0.7914,0.2086,0.0,0.0072,0.7664,0.2336,0.0,0.0,missing,missing,missing"
"NapierFieldtown_al,"	"404.0,0.028,0.972,missing,0.9399,0.0109,0.0492,0.0,0.0,0.854,0.1139,0.0,0.0272,0.8715,0.0909,0.0721,0.0,missing,missing,missing"
"NaturalBridgetown_al,"	"28.0,0.0,1.0,missing,1.0,0.0,0.0,0.0,0.0,1.0,0.0,0.0,0.0,0.8889,0.1111,0.0,0.0,missing,missing,missing"
"Nauvootown_al,"	"284.0,0.0,1.0,missing,0.9167,0.0,0.0833,0.0,0.0,0.9824,0.0,0.0,0.0176,0.8514,0.1351,0.036,0.0,missing,missing,missing"
"Nectartown_al,"	"372.0,0.0,1.0,44167.0,0.9789,0.0,0.0,0.0,0.0,0.9731,0.0,0.0211,0.0269,0.8664,0.0879,0.0717,0.0,missing,missing,missing"
"Needhamtown_al,"	"97.0,0.0,1.0,missing,0.9211,0.0,0.0789,0.0,0.0,1.0,0.0,0.0,0.0,0.7159,0.2614,0.1023,0.0,missing,missing,missing"
"NewBrocktontown_al,"	"1250.0,0.0059,0.9941,24032.0,0.9475,0.0105,0.0357,0.0063,0.0,0.6736,0.2664,0.0,0.0072,0.7921,0.185,0.0499,0.0,missing,missing,missing"
"NewHopecity_al,"	"2539.0,0.0165,0.9835,31458.0,0.9599,0.0,0.0228,0.0128,0.0024,0.948,0.0039,0.0046,0.0095,0.8465,0.1207,0.0652,0.0,missing,missing,missing"
"NewMarketCDP_al,"	"1864.0,0.0264,0.9736,missing,0.9278,0.0,0.0353,0.0368,0.0016,0.8718,0.0628,0.0,0.0354,0.805,0.1745,0.0423,0.0,missing,missing,missing"
"NewSitetown_al,"	"848.0,0.0,1.0,29167.0,0.9722,0.0,0.0222,0.0056,0.0,0.8927,0.0979,0.0,0.0047,0.8411,0.1384,0.0658,0.0,missing,missing,missing"
"Newberntown_al,"	"231.0,0.0,1.0,missing,0.9688,0.0,0.0312,0.0,0.0,0.2294,0.7706,0.0,0.0,0.716,0.2663,0.0178,0.0,missing,missing,missing"
"Newtontown_al,"	"1708.0,0.004,0.996,33021.0,0.9461,0.0028,0.0401,0.0111,0.0006,0.822,0.1552,0.0,0.0123,0.8292,0.1445,0.0482,0.0,missing,missing,missing"
"Newvilletown_al,"	"553.0,0.0228,0.9772,missing,0.9733,0.0,0.0267,0.0,0.0,0.528,0.443,0.0,0.0235,0.8591,0.1208,0.0201,0.0,0.2879,0.4646,0.0"
"NorthBibbtown_al,"	"986.0,0.0085,0.9915,missing,0.9472,0.0,0.0248,0.028,0.0,0.9838,0.0,0.0,0.003,0.8864,0.0912,0.0523,0.0,missing,missing,missing"
"NorthCourtlandtown_al,"	"799.0,0.0,1.0,19875.0,0.961,0.0,0.027,0.012,0.0,0.0238,0.975,0.0,0.0075,0.8117,0.1753,0.0438,0.0,0.3368,0.5042,0.0"
"NorthJohnstown_al,"	"142.0,0.0,1.0,missing,0.6176,0.0,0.3824,0.0,0.0,0.4014,0.5915,0.0,0.0,0.7364,0.1636,0.1,0.0,missing,missing,missing"
"Northportcity_al,"	"19435.0,0.0337,0.9663,40206.0,0.9248,0.0124,0.0355,0.0223,0.008,0.7111,0.2603,0.0049,0.0192,0.8426,0.115,0.0749,0.0,missing,missing,missing"
"Notasulgatown_al,"	"916.0,0.0148,0.9852,missing,0.9676,0.0,0.0295,0.0029,0.0,0.6627,0.3242,0.0,0.0076,0.7943,0.17,0.0714,0.0,missing,missing,missing"
"OakGrovetown_al,"	"457.0,0.0105,0.9895,28625.0,0.9558,0.0166,0.0166,0.011,0.0,0.9672,0.0284,0.0,0.0044,0.904,0.0904,0.0254,0.0,missing,missing,missing"
"OakHilltown_al,"	"37.0,0.0,1.0,missing,1.0,0.0,0.0,0.0,0.0,0.3514,0.6486,0.0,0.0,0.8125,0.4375,0.0,0.0,missing,missing,missing"
"Oakmantown_al,"	"944.0,0.0,1.0,22014.0,0.9714,0.0,0.0234,0.0052,0.0,0.7966,0.196,0.0,0.0074,0.7779,0.1938,0.0311,0.0,missing,missing,missing"
"Odenvilletown_al,"	"1131.0,0.0045,0.9955,missing,0.943,0.0048,0.0523,0.0,0.0,0.9593,0.0195,0.0,0.0133,0.87,0.0944,0.0806,0.0,missing,missing,missing"
"Ohatcheetown_al,"	"1215.0,0.0081,0.9919,38359.0,0.9648,0.0062,0.0041,0.0248,0.0025,0.9449,0.0387,0.0,0.0041,0.8059,0.1474,0.0742,0.0,missing,missing,missing"
"Oneontacity_al,"	"5576.0,0.0841,0.9159,28620.0,0.8646,0.0076,0.124,0.0038,0.002,0.8587,0.0741,0.0,0.1324,0.8192,0.1398,0.063,0.0,0.2876,0.4749,0.0037"
"Onychatown_al,"	"208.0,0.0192,0.9808,missing,0.9574,0.0,0.0,0.0426,0.0,0.9904,0.0,0.0,0.0048,0.7953,0.1871,0.0468,0.0,missing,missing,missing"
"Opelikacity_al,"	"23498.0,0.0133,0.9867,33397.0,0.9523,0.0064,0.0251,0.0156,0.0093,0.5503,0.4289,0.0005,0.0107,0.8459,0.1058,0.0767,0.0,0.1774,0.4901,0.0121"
"Oppcity_al,"	"6607.0,0.0053,0.9947,26702.0,0.977,0.0022,0.0128,0.008,0.0023,0.8321,0.1571,0.0,0.0068,0.8232,0.143,0.0759,0.0,missing,missing,missing"
"OrangeBeachcity_al,"	"3784.0,0.0451,0.9549,missing,0.9343,0.0094,0.0204,0.0359,0.0021,0.9482,0.0037,0.0,0.0277,0.8027,0.162,0.0555,0.0,missing,missing,missing"
"Orrvilletown_al,"	"230.0,0.0,1.0,missing,0.9811,0.0,0.0189,0.0,0.0,0.513,0.4826,0.0,0.0043,0.8377,0.1466,0.0471,0.0,missing,missing,missing"
"OwensCrossRoadsto_al,"	"1124.0,0.0113,0.9887,34856.0,0.9758,0.0145,0.0097,0.0,0.0027,0.9564,0.0071,0.0,0.0062,0.8374,0.1084,0.08,0.0,missing,missing,missing"
"Oxfordcity_al,"	"14592.0,0.0277,0.9723,40397.0,0.9349,0.0056,0.0386,0.0209,0.0062,0.8746,0.0988,0.0,0.0193,0.8458,0.1162,0.0611,0.0,0.203,0.5462,0.0038"
"Ozarkcity_al,"	"15119.0,0.0252,0.9748,29330.0,0.909,0.0109,0.0389,0.0381,0.007,0.6828,0.283,0.0031,0.0208,0.8216,0.1405,0.0617,0.0,0.1983,0.5383,0.0025"
"PaintRocktown_al,"	"185.0,0.0,1.0,35521.0,0.9867,0.0,0.0,0.0133,0.0,0.9676,0.0,0.0,0.0,0.8531,0.0734,0.0847,0.0,missing,missing,missing"
"Parrishtown_al,"	"1268.0,0.0,1.0,21711.0,0.9526,0.0,0.0237,0.0237,0.0016,0.7263,0.2532,0.0,0.0095,0.7778,0.1891,0.0536,0.0,missing,missing,missing"
"Pelhamcity_al,"	"14369.0,0.0568,0.9432,54808.0,0.8987,0.0091,0.0616,0.0241,0.0168,0.9002,0.0397,0.0066,0.0642,0.8839,0.0763,0.0682,0.0,0.0864,0.4875,0.0108"
"PellCitycity_al,"	"9565.0,0.0119,0.9881,37250.0,0.9609,0.0039,0.0159,0.0193,0.0022,0.8341,0.1538,0.0,0.0125,0.8238,0.1305,0.0757,0.0,missing,missing,missing"
"Penningtontown_al,"	"353.0,0.0229,0.9771,missing,0.935,0.0,0.0163,0.0488,0.0,0.6431,0.3484,0.0,0.0,0.8496,0.1504,0.0113,0.0,missing,missing,missing"
"Petreytown_al,"	"63.0,0.0,1.0,missing,0.92,0.0,0.0,0.08,0.0,0.9524,0.0476,0.0,0.0476,0.7963,0.1852,0.037,0.0,missing,missing,missing"
"PhenixCitycity_al,"	"28265.0,0.0169,0.9831,26720.0,0.9425,0.0062,0.0298,0.0195,0.0053,0.5294,0.4497,0.0019,0.0149,0.8374,0.141,0.0492,0.0,0.2598,0.5014,0.0031"
"PhilCampbelltown_al,"	"1091.0,0.0037,0.9963,24598.0,0.9809,0.0,0.0085,0.0106,0.0,0.9899,0.0,0.0,0.0082,0.8157,0.1486,0.0657,0.0,0.3395,0.4814,0.0027"
"Pickensvilletown_al,"	"662.0,0.0075,0.9925,25357.0,0.991,0.0,0.009,0.0,0.0,0.3535,0.6299,0.0,0.0,0.7885,0.1917,0.0415,0.0,missing,missing,missing"
"Piedmontcity_al,"	"5120.0,0.0044,0.9956,24893.0,0.9738,0.0032,0.0095,0.0135,0.0008,0.8877,0.0938,0.0,0.01,0.8097,0.1637,0.0523,0.0,0.341,0.4787,0.0017"
"PikeRoadcity_al,"	"310.0,0.0,1.0,missing,0.9043,0.0,0.0957,0.0,0.0032,0.5903,0.4032,0.0,0.0,0.8068,0.0821,0.2174,0.0,missing,missing,missing"
"Pinckardtown_al,"	"667.0,0.0,1.0,36875.0,0.9705,0.0,0.0185,0.0074,0.0015,0.7856,0.1784,0.0037,0.0315,0.8651,0.1017,0.0499,0.0,missing,missing,missing"
"PineAppletown_al,"	"145.0,0.0,1.0,missing,1.0,0.0,0.0,0.0,0.0,0.6276,0.3655,0.0,0.0,0.8532,0.1101,0.0367,0.0,missing,missing,missing"
"PineHilltown_al,"	"966.0,0.0044,0.9956,missing,0.951,0.0054,0.03,0.0136,0.001,0.4896,0.499,0.0,0.001,0.8108,0.1562,0.0676,0.0,0.2228,0.5833,0.0"
"PineRidgetown_al,"	"243.0,0.004,0.996,missing,0.9691,0.0,0.0309,0.0,0.0,0.963,0.0,0.0,0.0041,0.8475,0.1243,0.1017,0.0,missing,missing,missing"
"PinsonCDP_al,"	"5033.0,0.016,0.984,39583.0,0.9209,0.0,0.0519,0.0272,0.004,0.8985,0.0833,0.0,0.0227,0.8779,0.0943,0.0577,0.0,missing,missing,missing"
"Pisgahtown_al,"	"706.0,0.0,1.0,missing,0.9795,0.0068,0.0068,0.0068,0.0,0.9433,0.0014,0.0,0.0028,0.8649,0.0991,0.0468,0.0,missing,missing,missing"
"PleasantGrovecity_al,"	"9983.0,0.0008,0.9992,52776.0,0.9487,0.0,0.0364,0.0149,0.0015,0.8467,0.1444,0.0,0.0028,0.847,0.1161,0.051,0.0,missing,missing,missing"
"PleasantGrovestown_al,"	"447.0,0.0047,0.9953,33854.0,0.9701,0.0,0.0299,0.0,0.0,0.8904,0.0,0.0,0.0022,0.8736,0.069,0.0776,0.0,missing,missing,missing"
"PointClearCDP_al,"	"1876.0,0.0216,0.9784,37305.0,0.8688,0.0127,0.0818,0.0367,0.0016,0.5613,0.427,0.0,0.0059,0.8606,0.1162,0.0338,0.0,missing,missing,missing"
"Pollardtown_al,"	"120.0,0.0,1.0,missing,0.9,0.0,0.1,0.0,0.0,0.5167,0.4167,0.0,0.0167,0.8684,0.1316,0.0395,0.0,missing,missing,missing"
"Powelltown_al,"	"926.0,0.0241,0.9759,missing,0.8933,0.0,0.08,0.0267,0.0011,0.9363,0.041,0.0,0.027,0.7969,0.2071,0.0813,0.0,0.3618,0.4171,0.0"
"Prattvillecity_al,"	"24303.0,0.0128,0.9872,45728.0,0.9405,0.0079,0.0197,0.0302,0.0064,0.8309,0.1442,0.0017,0.0171,0.8703,0.0929,0.0683,0.0,0.132,0.5587,0.005"
"Pricevilletown_al,"	"1631.0,0.0074,0.9926,51875.0,0.9803,0.0,0.0108,0.009,0.0018,0.9589,0.0227,0.0,0.0123,0.8424,0.1264,0.0509,0.0,missing,missing,missing"
"Prichardcity_al,"	"28633.0,0.0071,0.9929,19544.0,0.9411,0.0056,0.0343,0.0175,0.0012,0.1418,0.8453,0.0016,0.0057,0.775,0.1895,0.0626,0.0,0.2748,0.5403,0.0015"
"Providencetown_al,"	"311.0,0.0,1.0,missing,0.9477,0.0,0.0392,0.0131,0.0096,0.8392,0.1511,0.0,0.0064,0.8074,0.1554,0.0574,0.0,missing,missing,missing"
"Raglandtown_al,"	"1918.0,0.001,0.999,30152.0,0.9893,0.0,0.004,0.0067,0.0005,0.8217,0.17,0.0,0.0,0.8489,0.1289,0.0533,0.0,0.3038,0.5496,0.0"
"RainbowCitycity_al,"	"8428.0,0.0217,0.9783,40216.0,0.9615,0.0028,0.0232,0.0102,0.0145,0.9309,0.0351,0.0022,0.0145,0.8399,0.1061,0.0885,0.0,0.1164,0.5128,0.0076"
"Rainsvillecity_al,"	"4499.0,0.0241,0.9759,29505.0,0.942,0.0066,0.032,0.0155,0.0009,0.9711,0.0009,0.0039,0.0218,0.8341,0.1334,0.0634,0.0,missing,missing,missing"
"Ranburnetown_al,"	"459.0,0.0,1.0,missing,0.9497,0.0,0.0503,0.0,0.0,1.0,0.0,0.0,0.0022,0.8737,0.0921,0.0447,0.0,missing,missing,missing"
"RedBaycity_al,"	"3374.0,0.0066,0.9934,missing,0.978,0.0,0.022,0.0,0.0,0.9686,0.0145,0.0,0.008,0.8021,0.167,0.0533,0.0,missing,missing,missing"
"RedLeveltown_al,"	"556.0,0.0,1.0,missing,0.9674,0.0,0.0186,0.014,0.0,0.8867,0.1007,0.0,0.0,0.8018,0.1526,0.0774,0.0,0.3164,0.563,0.0"
"RedstoneArsenalCDP_al,"	"2365.0,0.0533,0.9467,missing,0.8092,0.0442,0.0442,0.0843,0.0203,0.5691,0.3167,0.0181,0.093,0.927,0.0184,0.0789,0.0,missing,missing,missing"
"ReeceCitytown_al,"	"634.0,0.005,0.995,37262.0,0.959,0.0082,0.0328,0.0,0.0,0.9874,0.0,0.0,0.0063,0.7902,0.165,0.0855,0.0,missing,missing,missing"
"Reformcity_al,"	"1978.0,0.004,0.996,20625.0,0.9647,0.0025,0.0265,0.0063,0.0,0.5334,0.4489,0.0,0.0035,0.8198,0.1558,0.0596,0.0,0.2957,0.5085,0.0016"
"Rehobethtown_al,"	"993.0,0.0031,0.9969,34267.0,0.9547,0.0085,0.0227,0.0142,0.001,0.9668,0.0081,0.0,0.0151,0.8091,0.1175,0.1055,0.0,missing,missing,missing"
"Reptontown_al,"	"280.0,0.0,1.0,22083.0,0.9035,0.0351,0.0,0.0614,0.0,0.6679,0.3179,0.0,0.0071,0.7958,0.178,0.0366,0.0,missing,missing,missing"
"Ridgevilletown_al,"	"158.0,0.0,1.0,missing,1.0,0.0,0.0,0.0,0.0,0.1899,0.7911,0.0,0.0,0.8177,0.1823,0.0276,0.0,missing,missing,missing"
"RiverFallstown_al,"	"616.0,0.0202,0.9798,21838.0,0.9591,0.0,0.0409,0.0,0.0,0.625,0.3604,0.0,0.0081,0.8277,0.1471,0.0357,0.0,0.3277,0.4988,0.0072"
"Riversidetown_al,"	"1564.0,0.0019,0.9981,34813.0,0.9521,0.0062,0.034,0.0077,0.0013,0.851,0.124,0.0,0.0096,0.8346,0.1361,0.0701,0.0,missing,missing,missing"
"Riverviewtown_al,"	"99.0,0.0,1.0,missing,1.0,0.0,0.0,0.0,0.0,0.9394,0.0101,0.0,0.0202,0.7353,0.2647,0.0441,0.0,missing,missing,missing"
"Roanokecity_al,"	"6563.0,0.018,0.982,26946.0,0.9523,0.0,0.0376,0.0077,0.0026,0.5894,0.3977,0.0024,0.0119,0.8152,0.1512,0.0667,0.0,0.3343,0.4474,0.0036"
"Robertsdalecity_al,"	"3782.0,0.0128,0.9872,33194.0,0.9448,0.0,0.0349,0.0203,0.0024,0.9426,0.0331,0.0,0.0193,0.8323,0.1272,0.0666,0.0,0.2091,0.5852,0.0"
"RockCreekCDP_al,"	"1495.0,0.0,1.0,missing,0.9423,0.0,0.0289,0.0289,0.0007,0.9886,0.0027,0.0,0.0054,0.8492,0.1185,0.0476,0.0,missing,missing,missing"
"RockMillsCDP_al,"	"676.0,0.0,1.0,missing,0.9651,0.0,0.0,0.0349,0.0,0.9763,0.0222,0.0,0.0163,0.9314,0.0431,0.0686,0.0,missing,missing,missing"
"Rockfordtown_al,"	"428.0,0.0241,0.9759,20000.0,0.8646,0.0,0.0729,0.0521,0.0,0.6565,0.3248,0.0104,0.0117,0.8127,0.1813,0.0393,0.0,missing,missing,missing"
"Rogersvilletown_al,"	"1199.0,0.0017,0.9983,29779.0,0.9692,0.0,0.0154,0.0154,0.0042,0.9308,0.0567,0.0,0.0042,0.7944,0.1734,0.054,0.0,missing,missing,missing"
"Rosatown_al,"	"313.0,0.0,1.0,missing,0.9298,0.0,0.0263,0.0439,0.0,0.9968,0.0,0.0,0.0064,0.7489,0.1617,0.1149,0.0,missing,missing,missing"
"Russellvillecity_al,"	"8971.0,0.0974,0.9026,25333.0,0.9074,0.0,0.0849,0.0046,0.0012,0.7931,0.1125,0.0031,0.1264,0.8115,0.1568,0.0575,0.0,0.3252,0.481,0.0052"
"Rutledgetown_al,"	"476.0,0.0,1.0,17500.0,0.9691,0.0,0.0206,0.0103,0.0,0.7101,0.2836,0.0,0.0,0.7962,0.193,0.0134,0.0,missing,missing,missing"
"SaksCDP_al,"	"10698.0,0.0232,0.9768,37321.0,0.9447,0.0126,0.0155,0.0215,0.007,0.8447,0.1285,0.0056,0.0165,0.8309,0.13,0.0726,0.0,0.2159,0.5727,0.0065"
"Samsoncity_al,"	"2071.0,0.0078,0.9922,18594.0,0.9557,0.0,0.0303,0.014,0.0,0.7711,0.2042,0.0,0.0246,0.7933,0.1668,0.0712,0.0,0.4004,0.4631,0.0"
"SandRocktown_al,"	"509.0,0.0124,0.9876,35179.0,0.9733,0.0107,0.0107,0.0053,0.0,0.9941,0.0039,0.0,0.0,0.8315,0.1304,0.0761,0.0,missing,missing,missing"
"Sanfordtown_al,"	"269.0,0.0,1.0,20139.0,0.952,0.0,0.048,0.0,0.0,0.9777,0.0,0.0,0.0186,0.8142,0.1416,0.0442,0.0,missing,missing,missing"
"Saralandcity_al,"	"12288.0,0.017,0.983,38318.0,0.9348,0.0063,0.0305,0.0284,0.0046,0.885,0.0897,0.0,0.0117,0.8508,0.1125,0.0634,0.0,0.1858,0.5924,0.004"
"SardisCitytown_al,"	"1438.0,0.0085,0.9915,36000.0,0.9602,0.0,0.0381,0.0017,0.0,0.991,0.0014,0.0,0.0063,0.8552,0.1157,0.0608,0.0,0.2083,0.5486,0.002"
"Satsumacity_al,"	"5687.0,0.0038,0.9962,50496.0,0.9469,0.0,0.0256,0.0275,0.0025,0.9372,0.0505,0.0,0.0058,0.8419,0.1316,0.0512,0.0,missing,missing,missing"
"Scottsborocity_al,"	"14762.0,0.0101,0.9899,32654.0,0.9676,0.0014,0.0143,0.0125,0.0054,0.9111,0.0534,0.0042,0.015,0.8414,0.1173,0.0709,0.0,missing,missing,missing"
"Sectiontown_al,"	"769.0,0.0027,0.9973,31500.0,0.9938,0.0,0.0031,0.0031,0.0,0.9389,0.0078,0.0,0.0052,0.8529,0.1242,0.0703,0.0,missing,missing,missing"
"Selmacity_al,"	"20512.0,0.0087,0.9913,21261.0,0.9543,0.0049,0.0212,0.0181,0.0056,0.2877,0.6968,0.0016,0.0067,0.7936,0.1698,0.0623,0.0,0.2343,0.4841,0.0031"
"Selmont-WestSelmont_al,"	"3502.0,0.0045,0.9955,11591.0,0.9617,0.007,0.0117,0.0141,0.0009,0.0791,0.9135,0.0055,0.0086,0.7344,0.2375,0.0694,0.0,missing,missing,missing"
"Sheffieldcity_al,"	"9652.0,0.0122,0.9878,26673.0,0.9542,0.0033,0.0293,0.0119,0.0028,0.7121,0.2621,0.0012,0.015,0.8171,0.1474,0.0681,0.0,0.2264,0.517,0.0048"
"Shilohtown_al,"	"289.0,0.0,1.0,34861.0,1.0,0.0,0.0,0.0,0.0,0.9758,0.0,0.0,0.0069,0.8889,0.0873,0.0437,0.0,missing,missing,missing"
"Shortertown_al,"	"355.0,0.0056,0.9944,18929.0,1.0,0.0,0.0,0.0,0.0,0.1634,0.8169,0.0,0.0,0.8092,0.1625,0.0424,0.0,missing,missing,missing"
"Silastown_al,"	"529.0,0.0033,0.9967,20882.0,1.0,0.0,0.0,0.0,0.0,0.7183,0.2571,0.0,0.0019,0.8017,0.1917,0.037,0.0,0.222,0.5864,0.0"
"Silverhilltown_al,"	"616.0,0.0348,0.9652,42083.0,0.9205,0.0084,0.0502,0.0209,0.0065,0.9805,0.0,0.0,0.0146,0.8635,0.0884,0.0783,0.0,missing,missing,missing"
"Sipseytown_al,"	"552.0,0.0033,0.9967,23000.0,0.9444,0.0,0.0253,0.0303,0.0,0.6812,0.3134,0.0,0.0018,0.7243,0.2477,0.0701,0.0,missing,missing,missing"
"Skylinetown_al,"	"843.0,0.0037,0.9963,missing,0.9871,0.0,0.0097,0.0032,0.0012,0.949,0.0,0.0,0.0071,0.8333,0.1451,0.0509,0.0,missing,missing,missing"
"Slocombcity_al,"	"2052.0,0.01,0.99,22113.0,0.9494,0.0025,0.0284,0.0197,0.0005,0.7281,0.2461,0.0,0.0283,0.8073,0.1607,0.0576,0.0,0.2835,0.5417,0.0007"
"SmithsCDP_al,"	"21756.0,0.0122,0.9878,43977.0,0.9226,0.0017,0.0476,0.0259,0.0039,0.8479,0.1267,0.0022,0.0208,0.8885,0.079,0.0573,0.0,0.1586,0.5894,0.0024"
"SmokeRiseCDP_al,"	"1750.0,0.0134,0.9866,missing,0.9819,0.0,0.0181,0.0,0.0006,0.9851,0.0,0.0,0.0023,0.8539,0.0986,0.0645,0.0,missing,missing,missing"
"Sneadtown_al,"	"748.0,0.0096,0.9904,missing,0.9343,0.006,0.0179,0.0418,0.0027,0.9947,0.0,0.0,0.0053,0.797,0.193,0.0266,0.0,missing,missing,missing"
"Somervilletown_al,"	"347.0,0.0087,0.9913,26250.0,0.9259,0.0074,0.037,0.0296,0.0,0.9135,0.0576,0.0,0.0058,0.8538,0.1154,0.0692,0.0,missing,missing,missing"
"SouthVinemonttown_al,"	"425.0,0.046,0.954,26806.0,0.9389,0.0,0.0611,0.0,0.0,0.9459,0.0047,0.0,0.04,0.8232,0.142,0.058,0.0,missing,missing,missing"
"Southsidecity_al,"	"7036.0,0.0086,0.9914,52464.0,0.9737,0.0045,0.0124,0.0094,0.0024,0.9811,0.0061,0.0,0.0067,0.8518,0.0973,0.063,0.0,missing,missing,missing"
"SpanishFortcity_al,"	"5423.0,0.0276,0.9724,56699.0,0.9018,0.012,0.0551,0.0311,0.0074,0.9364,0.0437,0.0,0.0094,0.8487,0.1179,0.0669,0.0,0.0586,0.4624,0.0251"
"Springvilletown_al,"	"2521.0,0.0085,0.9915,missing,0.9678,0.0068,0.0254,0.0,0.0028,0.9056,0.0774,0.0,0.0024,0.8596,0.1041,0.0702,0.0,missing,missing,missing"
"St.Floriantown_al,"	"335.0,0.0431,0.9569,46250.0,0.9402,0.0256,0.0085,0.0,0.006,0.9881,0.006,0.0256,0.0,0.8221,0.1344,0.0553,0.0,missing,missing,missing"
"Steeletown_al,"	"1093.0,0.0211,0.9789,32941.0,0.9436,0.0,0.049,0.0074,0.0009,0.9753,0.0,0.0,0.032,0.8505,0.1234,0.0474,0.0,missing,missing,missing"
"Stevensoncity_al,"	"1770.0,0.0093,0.9907,26908.0,0.9636,0.0038,0.0201,0.0125,0.0011,0.7288,0.2237,0.0,0.0153,0.8043,0.1668,0.0544,0.0,missing,missing,missing"
"Sulligentcity_al,"	"2151.0,0.0075,0.9925,26541.0,0.9645,0.0,0.0309,0.0046,0.0,0.7708,0.218,0.0,0.0158,0.8111,0.1506,0.061,0.0,0.3601,0.4965,0.0"
"Sumitoncity_al,"	"2665.0,0.0035,0.9965,26364.0,0.9574,0.0,0.0329,0.0048,0.0015,0.9321,0.036,0.0048,0.0071,0.7981,0.1784,0.0552,0.0,0.2762,0.5359,0.0011"
"Summerdaletown_al,"	"655.0,0.0,1.0,missing,0.9577,0.0,0.0269,0.0154,0.0015,0.9023,0.0489,0.0,0.0229,0.8067,0.145,0.0714,0.0,missing,missing,missing"
"SusanMooretown_al,"	"721.0,0.0244,0.9756,missing,0.9532,0.0,0.0468,0.0,0.0014,0.9348,0.0014,0.0,0.0596,0.8232,0.1296,0.0859,0.0,0.218,0.543,0.0042"
"SweetWatertown_al,"	"234.0,0.0,1.0,missing,1.0,0.0,0.0,0.0,0.0,0.9231,0.0556,0.0,0.0,0.8517,0.1675,0.0096,0.0,missing,missing,missing"
"Sylacaugacity_al,"	"12616.0,0.0099,0.9901,29533.0,0.9451,0.0058,0.0309,0.0172,0.0029,0.6917,0.2891,0.001,0.0097,0.8078,0.1502,0.0742,0.0,missing,missing,missing"
"SylvanSpringstown_al,"	"1465.0,0.0,1.0,42692.0,0.9273,0.0,0.0433,0.0294,0.0007,0.9863,0.0068,0.0,0.0048,0.8416,0.123,0.0587,0.0,missing,missing,missing"
"Sylvaniatown_al,"	"1186.0,0.0017,0.9983,28553.0,0.9714,0.0,0.0184,0.0061,0.0008,0.9637,0.0008,0.0041,0.0067,0.8425,0.1395,0.0412,0.0,missing,missing,missing"
"TalladegaSpringsto_al,"	"124.0,0.0,1.0,missing,0.9138,0.0,0.0862,0.0,0.0,0.9113,0.0645,0.0,0.0161,0.8875,0.1125,0.0625,0.0,missing,missing,missing"
"Talladegacity_al,"	"15143.0,0.0052,0.9948,29617.0,0.9543,0.0082,0.0231,0.0127,0.003,0.5615,0.4228,0.0017,0.009,0.8083,0.1503,0.068,0.0,0.2798,0.4983,0.0047"
"Tallasseecity_al,"	"4934.0,0.0097,0.9903,23946.0,0.9523,0.0073,0.0405,0.0,0.003,0.8034,0.1761,0.0,0.0107,0.8104,0.1522,0.0593,0.0,missing,missing,missing"
"Tarrantcity_al,"	"7022.0,0.0105,0.9895,29380.0,0.9502,0.0,0.0446,0.0051,0.0014,0.7914,0.1873,0.0,0.0171,0.8149,0.1477,0.0578,0.0,missing,missing,missing"
"Taylortown_al,"	"1898.0,0.0118,0.9882,40664.0,0.9071,0.0131,0.0653,0.0145,0.0026,0.9305,0.0379,0.0,0.0111,0.871,0.0983,0.0538,0.0,missing,missing,missing"
"TheodoreCDP_al,"	"6811.0,0.01,0.99,33750.0,0.9552,0.0069,0.02,0.0179,0.0129,0.7111,0.2558,0.0,0.0138,0.8257,0.1509,0.0489,0.0,0.2464,0.5671,0.0036"
"Thomastontown_al,"	"383.0,0.0,1.0,missing,0.9045,0.0,0.0764,0.0191,0.0,0.4856,0.5013,0.0,0.0235,0.8267,0.1533,0.06,0.0,missing,missing,missing"
"Thomasvillecity_al,"	"4649.0,0.0085,0.9915,missing,0.9699,0.0034,0.0227,0.004,0.0032,0.5233,0.4627,0.0,0.009,0.7764,0.1859,0.0656,0.0,missing,missing,missing"
"Thorsbytown_al,"	"1820.0,0.0252,0.9748,missing,0.9515,0.0,0.0367,0.0117,0.0022,0.9198,0.0604,0.0,0.0236,0.8857,0.0907,0.0465,0.0,0.2157,0.5322,0.0017"
"TillmansCornerCDP_al,"	"15685.0,0.0104,0.9896,34309.0,0.9344,0.0107,0.0337,0.0211,0.0094,0.9357,0.0316,0.0,0.0122,0.8463,0.1161,0.0615,0.0,0.2089,0.6068,0.0008"
"TownCreektown_al,"	"1216.0,0.0211,0.9789,24583.0,0.9377,0.0,0.0434,0.0189,0.0016,0.6086,0.3421,0.0,0.0362,0.8548,0.1266,0.0491,0.0,missing,missing,missing"
"Toxeytown_al,"	"152.0,0.0,1.0,missing,0.9643,0.0,0.0357,0.0,0.0,0.8684,0.1316,0.0,0.0,0.8602,0.1398,0.0,0.0,missing,missing,missing"
"Traffordtown_al,"	"523.0,0.0,1.0,23611.0,0.9241,0.0,0.0625,0.0134,0.0,0.9847,0.0096,0.0,0.0019,0.8368,0.1402,0.0299,0.0,missing,missing,missing"
"Trianatown_al,"	"458.0,0.0,1.0,26250.0,0.9595,0.0,0.0405,0.0,0.0044,0.1135,0.8646,0.0,0.0022,0.8423,0.119,0.0476,0.0,missing,missing,missing"
"Trinitytown_al,"	"1841.0,0.007,0.993,54271.0,0.9475,0.003,0.042,0.0075,0.0011,0.88,0.0961,0.0,0.0114,0.8797,0.0859,0.0584,0.0,missing,missing,missing"
"Troycity_al,"	"13935.0,0.0277,0.9723,25352.0,0.9299,0.0124,0.0352,0.0171,0.0069,0.5889,0.3856,0.0054,0.013,0.804,0.1244,0.1135,0.0,missing,missing,missing"
"Trussvillecity_al,"	"12924.0,0.0117,0.9883,66943.0,0.9627,0.0051,0.0182,0.014,0.0043,0.9677,0.0148,0.0,0.0084,0.8728,0.0838,0.0644,0.0,missing,missing,missing"
"Tuscaloosacity_al,"	"77906.0,0.0251,0.9749,27731.0,0.9298,0.0118,0.0328,0.0224,0.0149,0.5409,0.4273,0.0032,0.014,0.7896,0.1302,0.1153,0.0,0.1699,0.4302,0.0259"
"Tuscumbiacity_al,"	"7856.0,0.0101,0.9899,27793.0,0.9516,0.0083,0.0306,0.0094,0.0014,0.7601,0.2251,0.0,0.0097,0.8141,0.1479,0.0718,0.0,missing,missing,missing"
"Tuskegeecity_al,"	"11846.0,0.0238,0.9762,18889.0,0.9375,0.0064,0.0381,0.0142,0.0069,0.0259,0.9548,0.0039,0.0068,0.7329,0.1923,0.1253,0.0,0.1891,0.4102,0.0149"
"Underwood-Petersvill_al,"	"3137.0,0.0064,0.9936,37159.0,0.9398,0.0,0.0372,0.023,0.0035,0.9468,0.0411,0.0,0.0054,0.8421,0.1124,0.0789,0.0,missing,missing,missing"
"UnionGrovetown_al,"	"94.0,0.0,1.0,missing,0.9286,0.0,0.0,0.0714,0.0106,0.9787,0.0,0.0,0.0,0.875,0.0714,0.0536,0.0,missing,missing,missing"
"UnionSpringscity_al,"	"3670.0,0.067,0.933,18520.0,0.9173,0.0,0.0771,0.0056,0.0049,0.2281,0.7441,0.0,0.0684,0.8078,0.1688,0.0452,0.0,missing,missing,missing"
"Uniontown_al,"	"227.0,0.0,1.0,22031.0,0.963,0.037,0.0,0.0,0.0,0.0793,0.9207,0.0,0.0,0.8113,0.1321,0.0818,0.0,0.2339,0.6371,0.0"
"Uniontowncity_al,"	"1636.0,0.0037,0.9963,12386.0,0.9533,0.0081,0.0322,0.0064,0.0,0.118,0.882,0.0,0.011,0.7948,0.1846,0.0497,0.0,0.3775,0.3919,0.0036"
"ValleyHeadtown_al,"	"611.0,0.0292,0.9708,29013.0,0.8685,0.0,0.1076,0.0239,0.0016,0.9247,0.0229,0.0,0.0229,0.8344,0.0879,0.0961,0.0,missing,missing,missing"
"Valleycity_al,"	"9198.0,0.0089,0.9911,31395.0,0.9525,0.0013,0.0216,0.0224,0.0035,0.7017,0.2878,0.0021,0.0084,0.8396,0.1264,0.0553,0.0,0.2987,0.5226,0.0024"
"Vancetown_al,"	"500.0,0.0104,0.9896,missing,0.9479,0.0208,0.0312,0.0,0.0,0.974,0.006,0.0,0.012,0.8039,0.1324,0.1078,0.0,missing,missing,missing"
"Vernoncity_al,"	"2143.0,0.0128,0.9872,missing,0.9796,0.0,0.0161,0.0043,0.0005,0.8619,0.1265,0.0,0.0065,0.8219,0.1381,0.0727,0.0,missing,missing,missing"
"VestaviaHillscity_al,"	"24476.0,0.0418,0.9582,70623.0,0.9178,0.0134,0.0256,0.0385,0.0247,0.9446,0.0185,0.0046,0.0136,0.862,0.0977,0.0689,0.0,missing,missing,missing"
"Vinatown_al,"	"400.0,0.0,1.0,missing,0.9781,0.0,0.0219,0.0,0.0,0.975,0.005,0.0,0.0175,0.7992,0.1892,0.027,0.0,missing,missing,missing"
"Vincenttown_al,"	"1853.0,0.0038,0.9962,35045.0,0.9619,0.0027,0.0313,0.0041,0.0022,0.8073,0.1743,0.0,0.007,0.8346,0.1405,0.0397,0.0,missing,missing,missing"
"Vredenburghtown_al,"	"327.0,0.0,1.0,missing,0.961,0.0,0.013,0.026,0.0,0.107,0.8899,0.0,0.0,0.8712,0.1159,0.0515,0.0,missing,missing,missing"
"Wadleytown_al,"	"640.0,0.0124,0.9876,17500.0,0.9643,0.0179,0.0179,0.0,0.0,0.6516,0.3328,0.0,0.0219,0.7315,0.2405,0.0481,0.0,missing,missing,missing"
"Waldotown_al,"	"281.0,0.0,1.0,26563.0,0.9368,0.0,0.0,0.0632,0.0,0.5516,0.4448,0.0,0.0,0.802,0.1827,0.0203,0.0,0.375,0.5062,0.0187"
"WalnutGrovetown_al,"	"710.0,0.0,1.0,26688.0,0.9608,0.0,0.0196,0.0196,0.0014,0.9831,0.0,0.0,0.0042,0.8226,0.1735,0.0507,0.0,missing,missing,missing"
"Warriorcity_al,"	"3169.0,0.0,1.0,28143.0,0.9368,0.009,0.0323,0.0218,0.0016,0.8321,0.154,0.0,0.0032,0.809,0.1637,0.0542,0.0,missing,missing,missing"
"Waterlootown_al,"	"208.0,0.0205,0.9795,25536.0,0.8442,0.0,0.0909,0.0649,0.0,0.9712,0.0,0.0,0.0144,0.7083,0.2262,0.0893,0.0,missing,missing,missing"
"Waverlytown_al,"	"184.0,0.0,1.0,missing,1.0,0.0,0.0,0.0,0.0,0.8098,0.1902,0.0,0.0,0.8403,0.1458,0.0625,0.0,missing,missing,missing"
"Weavercity_al,"	"2619.0,0.0269,0.9731,36573.0,0.8854,0.0245,0.0421,0.048,0.0118,0.8706,0.0867,0.0,0.0229,0.8408,0.1111,0.0801,0.0,missing,missing,missing"
"Webbtown_al,"	"1298.0,0.0,1.0,31364.0,0.9573,0.0,0.0325,0.0102,0.0,0.792,0.1965,0.0,0.01,0.8719,0.0961,0.0631,0.0,missing,missing,missing"
"Wedoweetown_al,"	"818.0,0.0049,0.9951,26136.0,0.9291,0.0068,0.0473,0.0169,0.0049,0.687,0.302,0.0,0.0012,0.7297,0.2516,0.0625,0.0,0.3121,0.4027,0.0328"
"WestBloctontown_al,"	"1372.0,0.0,1.0,missing,0.9753,0.0,0.0159,0.0053,0.0,0.7974,0.1953,0.0035,0.0022,0.8099,0.1662,0.038,0.0,0.2805,0.5752,0.0"
"WestEnd-CobbTownC_al,"	"3924.0,0.0093,0.9907,22418.0,0.9644,0.0044,0.02,0.0075,0.0005,0.777,0.2001,0.0037,0.0089,0.7713,0.2047,0.0495,0.0,missing,missing,missing"
"WestJeffersontown_al,"	"344.0,0.0057,0.9943,47813.0,0.9704,0.0,0.0,0.0296,0.0,0.9971,0.0,0.0,0.0,0.8367,0.1327,0.0782,0.0,missing,missing,missing"
"WestPointtown_al,"	"295.0,0.0,1.0,missing,0.9573,0.0,0.0256,0.0171,0.0,1.0,0.0,0.0,0.0068,0.8444,0.1401,0.0545,0.0,missing,missing,missing"
"Wetumpkacity_al,"	"5726.0,0.0063,0.9937,35536.0,0.9429,0.006,0.0351,0.0159,0.004,0.678,0.2901,0.0,0.0232,0.8755,0.1023,0.0641,0.0,missing,missing,missing"
"WhiteHalltown_al,"	"1014.0,0.0,1.0,18158.0,0.9765,0.0,0.0235,0.0,0.002,0.0138,0.9803,0.0,0.0079,0.7942,0.1742,0.0631,0.0,missing,missing,missing"
"Wilsonvilletown_al,"	"1551.0,0.0073,0.9927,42105.0,0.9752,0.0,0.0182,0.0066,0.0077,0.9252,0.0522,0.0,0.0058,0.8161,0.1417,0.0655,0.0,0.1936,0.5835,0.0018"
"Wiltontown_al,"	"580.0,0.0315,0.9685,33750.0,0.9259,0.0046,0.0463,0.0231,0.0017,0.7328,0.2362,0.0,0.0328,0.8319,0.1447,0.0383,0.0,0.1909,0.6317,0.0"
"Winfieldcity_al,"	"4540.0,0.0037,0.9963,31317.0,0.9864,0.0016,0.012,0.0,0.0022,0.9456,0.0421,0.0,0.0119,0.8093,0.1548,0.061,0.0,missing,missing,missing"
"Woodlandtown_al,"	"192.0,0.0,1.0,missing,1.0,0.0,0.0,0.0,0.0,0.8854,0.1146,0.0,0.0,0.8418,0.1329,0.0633,0.0,missing,missing,missing"
"Woodvilletown_al,"	"761.0,0.008,0.992,35000.0,0.9724,0.0069,0.0069,0.0138,0.0013,0.9698,0.0,0.0,0.0092,0.8266,0.1243,0.0876,0.0,0.2363,0.5906,0.0061"
"YellowBlufftown_al,"	"181.0,0.0,1.0,missing,0.973,0.0,0.027,0.0,0.0,0.0552,0.9282,0.0,0.011,0.7071,0.2929,0.0143,0.0,missing,missing,missing"
"Yorkcity_al,"	"2854.0,0.0088,0.9912,19153.0,0.9487,0.0048,0.0257,0.0209,0.0007,0.2071,0.7831,0.0,0.0109,0.775,0.1982,0.0522,0.0,missing,missing,missing"
