"Abbevillecity_al,"	"0.0455,0.0048,0.0203,23266.0,23266.0,0.4016,0.3552,0.9797,0.0,0.9628,0.0083,0.7847,0.179,0.0,0.0516,0.0289"
"Adamsvillecity_al,"	"0.0054,39563.0,39563.0,0.9946,0.0032,0.9563,0.0179,0.8461,0.1245,0.0,0.0585,0.0227"
"Addisontown_al,"	"0.0042,22235.0,22235.0,0.9958,0.0,0.9867,0.0,0.8383,0.1388,0.0,0.0562,0.0133"
"Akrontown_al,"	"0.0121,0.0,0.0,19875.0,19875.0,0.5879,0.2909,1.0,0.0,0.9956,0.0044,0.7943,0.1979,0.0,0.0703,0.0"
"Alabastercity_al,"	"0.0551,0.0048,0.0222,58379.0,58379.0,0.4828,0.0874,0.9778,0.0,0.9333,0.0224,0.9057,0.0701,0.001,0.0522,0.0434"
"Albertvillecity_al,"	"0.0645,0.0043,0.1223,31893.0,31893.0,0.4286,0.3463,0.8777,0.0017,0.8874,0.0155,0.8539,0.113,0.0,0.0629,0.0955"
"AlexanderCitycity_al,"	"0.0408,0.0019,0.0064,29309.0,29309.0,0.504,0.2595,0.9936,0.0076,0.9454,0.0099,0.8296,0.138,0.0015,0.0536,0.0357"
"AlexandriaCDP_al,"	"0.0143,0.9857,0.0,0.9701,0.0249,0.8623,0.1036,0.0,0.0671,0.005"
"Alicevillecity_al,"	"0.0232,0.0,0.0048,17092.0,17092.0,0.4686,0.3428,0.9952,0.0031,0.9886,0.0083,0.7898,0.1784,0.0,0.0465,0.0"
"Allgoodtown_al,"	"0.2405,29583.0,29583.0,0.7595,0.0,0.6798,0.0,0.8565,0.1148,0.0112,0.0909,0.309"
"Altoonatown_al,"	"0.0244,0.0031,0.0328,20469.0,20469.0,0.4748,0.4031,0.9672,0.0052,0.9536,0.0129,0.8013,0.1759,0.0,0.0544,0.0284"
"Andalusiacity_al,"	"0.0031,26856.0,26856.0,0.9969,0.0027,0.9637,0.0076,0.8181,0.1462,0.0,0.0684,0.0259"
"Andersontown_al,"	"0.0,1.0,0.0,0.9933,0.0,0.8052,0.1648,0.0,0.0449,0.0067"
"Annistoncity_al,"	"0.0484,0.0066,0.0224,27385.0,27385.0,0.4996,0.2187,0.9776,0.0076,0.9424,0.0201,0.8113,0.1566,0.0016,0.0568,0.0283"
"Arabcity_al,"	"0.011,36716.0,36716.0,0.989,0.0,0.9717,0.0088,0.8638,0.1086,0.0,0.0441,0.0195"
"Ardmoretown_al,"	"0.0165,28352.0,28352.0,0.9835,0.0043,0.9529,0.0193,0.8524,0.1341,0.0,0.0369,0.0236"
"Argotown_al,"	"0.0022,41167.0,41167.0,0.9978,0.0,0.9736,0.0078,0.865,0.1143,0.0,0.0483,0.0186"
"Aritontown_al,"	"0.0,21083.0,21083.0,1.0,0.0,0.9842,0.0158,0.7843,0.1912,0.0,0.0556,0.0"
"Arleytown_al,"	"0.0,1.0,0.0,0.9524,0.0,0.7774,0.1752,0.0,0.0839,0.0476"
"Ashfordcity_al,"	"0.0702,0.0024,0.0047,29444.0,29444.0,0.5159,0.2506,0.9953,0.0028,0.9749,0.0084,0.8381,0.1317,0.0028,0.048,0.0111"
"Ashlandcity_al,"	"0.0063,23469.0,23469.0,0.9937,0.0,0.9733,0.0085,0.8016,0.1736,0.0,0.0342,0.0182"
"Ashvilletown_al,"	"0.0728,0.0,0.0069,31509.0,31509.0,0.4885,0.3095,0.9931,0.0012,0.9449,0.0228,0.7997,0.1734,0.0,0.0516,0.0311"
"Athenscity_al,"	"0.0297,33980.0,33980.0,0.9703,0.0021,0.9271,0.0194,0.8473,0.1258,0.0009,0.053,0.0506"
"Atmorecity_al,"	"0.0433,0.0,0.0079,22867.0,22867.0,0.5165,0.2476,0.9921,0.0019,0.9635,0.0084,0.8135,0.1554,0.0044,0.0653,0.0218"
"Attallacity_al,"	"0.0654,0.0,0.0136,27444.0,27444.0,0.5545,0.2702,0.9864,0.0019,0.964,0.0,0.8225,0.1439,0.0,0.0793,0.0342"
"Auburncity_al,"	"0.0482,0.1034,0.0491,17206.0,17206.0,0.3042,0.0676,0.9509,0.0316,0.8896,0.031,0.7615,0.1078,0.0075,0.1931,0.0404"
"Autaugavilletown_al,"	"0.0026,0.9974,0.0,0.9928,0.0,0.8055,0.1505,0.0,0.0752,0.0072"
"Avontown_al,"	"0.0963,0.0,0.0047,37679.0,37679.0,0.5415,0.2226,0.9953,0.0,0.9834,0.0,0.8729,0.1045,0.0,0.0593,0.0166"
"Babbietown_al,"	"0.0611,0.0,0.0,0.4751,0.3552,1.0,0.0,0.9849,0.0151,0.8401,0.1518,0.0,0.0344,0.0"
"Baileytontown_al,"	"0.0029,31000.0,31000.0,0.9971,0.0109,0.9783,0.0,0.8665,0.1122,0.0,0.0445,0.0109"
"Bankstown_al,"	"0.0,0.0,0.0,0.4937,0.3544,1.0,0.0,0.945,0.0275,0.8883,0.0638,0.0,0.0479,0.0275"
"BayMinettecity_al,"	"0.079,0.0037,0.0095,27226.0,27226.0,0.4593,0.2501,0.9905,0.0077,0.9527,0.0132,0.8031,0.1576,0.0,0.0641,0.0264"
"BayouLaBatrecity_al,"	"0.1682,24539.0,24539.0,0.8318,0.2095,0.7325,0.0303,0.8009,0.1633,0.0,0.0515,0.0277"
"BearCreektown_al,"	"0.0038,27813.0,27813.0,0.9962,0.0,0.9742,0.0,0.8313,0.1422,0.007,0.0651,0.0188"
"Beatricetown_al,"	"0.0,1.0,0.0,0.9384,0.0137,0.6859,0.2628,0.0,0.0513,0.0479"
"Beavertontown_al,"	"0.036,20250.0,20250.0,0.964,0.0,0.9684,0.0,0.8187,0.1484,0.0,0.0549,0.0316"
"Belktown_al,"	"0.0,32188.0,32188.0,1.0,0.0,1.0,0.0,0.9157,0.0674,0.0,0.0337,0.0"
"Bentontown_al,"	"0.0,1.0,0.0,1.0,0.0,0.8462,0.1538,0.0,0.0385,0.0"
"Berrytown_al,"	"0.0016,20214.0,20214.0,0.9984,0.0,0.9903,0.0039,0.8062,0.1561,0.0,0.0614,0.0058"
"Bessemercity_al,"	"0.0604,0.0014,0.0089,23066.0,23066.0,0.522,0.256,0.9911,0.0012,0.963,0.0148,0.7794,0.1899,0.0031,0.0604,0.0179"
"Billingsleytown_al,"	"0.0,1.0,0.0,1.0,0.0,0.8495,0.1505,0.0,0.0108,0.0"
"Birminghamcity_al,"	"0.0571,0.0076,0.0211,26735.0,26735.0,0.5126,0.1854,0.9789,0.0072,0.9304,0.0191,0.8063,0.149,0.0049,0.073,0.0384"
"Blacktown_al,"	"0.0,1.0,0.0,0.9634,0.0366,0.8434,0.1205,0.0,0.0482,0.0"
"Blountsvilletown_al,"	"0.0961,24432.0,24432.0,0.9039,0.0,0.8698,0.0121,0.836,0.1357,0.0,0.0631,0.1181"
"BlueMountaintown_al,"	"0.1168,0.8832,0.0,0.898,0.0204,0.8721,0.1279,0.0,0.0,0.0816"
"BlueRidgeCDP_al,"	"0.0109,0.9891,0.0,0.9379,0.0228,0.8372,0.0983,0.0,0.1069,0.0393"
"BlueSpringstown_al,"	"0.0,1.0,0.0,1.0,0.0,0.9054,0.0405,0.0,0.0946,0.0"
"Boazcity_al,"	"0.0454,0.0038,0.0403,25699.0,25699.0,0.5112,0.2935,0.9597,0.004,0.9322,0.0071,0.8075,0.1522,0.0025,0.0655,0.0543"
"Boligeetown_al,"	"0.0,15000.0,15000.0,1.0,0.0,1.0,0.0,0.747,0.1818,0.0,0.1383,0.0"
"BonAirtown_al,"	"0.0161,0.9839,0.0,0.8649,0.0541,0.8,0.1455,0.0,0.0727,0.0811"
"Branchvilletown_al,"	"0.0036,40438.0,40438.0,0.9964,0.0,0.9621,0.0204,0.8231,0.1469,0.0,0.057,0.0175"
"Brantleytown_al,"	"0.0022,21574.0,21574.0,0.9978,0.0,0.9767,0.0026,0.8122,0.1391,0.0,0.0709,0.0207"
"Brentcity_al,"	"0.0035,21287.0,21287.0,0.9965,0.0,0.954,0.009,0.5774,0.3447,0.0108,0.0933,0.0261"
"Brewtoncity_al,"	"0.0606,0.0065,0.0035,34234.0,34234.0,0.4932,0.1846,0.9965,0.0031,0.9771,0.0049,0.8406,0.1267,0.0,0.0629,0.0148"
"Bridgeportcity_al,"	"0.0483,0.0,0.0088,28981.0,28981.0,0.4903,0.3648,0.9912,0.0,0.958,0.012,0.8697,0.1069,0.0,0.0731,0.03"
"Brightoncity_al,"	"0.0,21364.0,21364.0,1.0,0.0,0.9228,0.0245,0.7519,0.2249,0.0059,0.0372,0.0467"
"Brillianttown_al,"	"0.0,18224.0,18224.0,1.0,0.0,0.9912,0.0,0.7951,0.1626,0.0,0.0618,0.0088"
"Brooksidetown_al,"	"0.0043,29792.0,29792.0,0.9957,0.0,0.9904,0.0076,0.8131,0.1526,0.0,0.0611,0.0019"
"Brookwoodtown_al,"	"0.0028,0.9972,0.0,0.9799,0.011,0.8607,0.11,0.0,0.0568,0.0092"
"Brundidgecity_al,"	"0.0013,16774.0,16774.0,0.9987,0.0039,0.963,0.0117,0.8027,0.1692,0.0,0.0486,0.0214"
"Butlercity_al,"	"0.0435,0.0015,0.0093,35302.0,35302.0,0.5098,0.2057,0.9907,0.0026,0.9435,0.021,0.8081,0.1672,0.0,0.0488,0.0329"
"BynumCDP_al,"	"0.0039,34375.0,34375.0,0.9961,0.0,0.9876,0.0124,0.8282,0.1168,0.0,0.0862,0.0"
"CahabaHeightsCDP_al,"	"0.0248,48250.0,48250.0,0.9752,0.0036,0.9411,0.0334,0.8785,0.1053,0.0,0.041,0.0219"
"Caleracity_al,"	"0.0381,0.0,0.0,35650.0,35650.0,0.5881,0.2108,1.0,0.0,0.9374,0.0167,0.8452,0.1304,0.0,0.0659,0.0459"
"Camdentown_al,"	"0.0371,0.0036,0.0065,25750.0,25750.0,0.4166,0.2964,0.9935,0.0,0.9373,0.0118,0.7768,0.1782,0.0,0.0675,0.0509"
"CampHilltown_al,"	"0.0344,0.0038,0.0103,20655.0,20655.0,0.5446,0.2819,0.9897,0.0102,0.953,0.0061,0.8054,0.1602,0.0,0.071,0.0307"
"CarbonHillcity_al,"	"0.0,20861.0,20861.0,1.0,0.0,0.9653,0.0162,0.7976,0.1774,0.0,0.0463,0.0185"
"Cardifftown_al,"	"0.0,1.0,0.0,1.0,0.0,0.8409,0.125,0.0,0.0341,0.0"
"Carolinatown_al,"	"0.0,1.0,0.0,1.0,0.0,0.7841,0.2045,0.0,0.0455,0.0"
"Carrolltontown_al,"	"0.0039,24318.0,24318.0,0.9961,0.01,0.9725,0.0075,0.787,0.1786,0.0,0.0714,0.01"
"Castleberrytown_al,"	"0.0,21204.0,21204.0,1.0,0.0,0.9789,0.0106,0.8317,0.1386,0.0,0.0337,0.0106"
"CedarBlufftown_al,"	"0.0379,0.0,0.0083,29211.0,29211.0,0.5242,0.2884,0.9917,0.0032,0.9595,0.0081,0.8065,0.1601,0.0,0.0607,0.0291"
"CenterPointCDP_al,"	"0.0769,0.0045,0.0266,40929.0,40929.0,0.6358,0.1222,0.9734,0.0093,0.9302,0.0184,0.8569,0.1002,0.0041,0.0675,0.038"
"Centrecity_al,"	"0.0194,24000.0,24000.0,0.9806,0.0059,0.9577,0.0156,0.7572,0.1988,0.0,0.068,0.0208"
"Centrevillecity_al,"	"0.0485,0.0074,0.008,31842.0,31842.0,0.4674,0.3182,0.992,0.0,0.9729,0.0,0.809,0.1427,0.0,0.0706,0.0271"
"ChalkvilleCDP_al,"	"0.1037,0.0017,0.0031,0.6286,0.0765,0.9969,0.0,0.9605,0.015,0.8912,0.0859,0.0047,0.05,0.0198"
"Chatomtown_al,"	"0.0442,0.0078,0.0026,31319.0,31319.0,0.4766,0.2571,0.9974,0.0,0.9704,0.0046,0.7967,0.1644,0.0,0.0578,0.0251"
"Chelseatown_al,"	"0.0074,67083.0,67083.0,0.9926,0.0,0.9354,0.0338,0.876,0.0929,0.0,0.0532,0.0308"
"Cherokeetown_al,"	"0.0056,24597.0,24597.0,0.9944,0.0,0.9797,0.002,0.8046,0.1792,0.0,0.0391,0.0183"
"Chickasawcity_al,"	"0.0391,0.0026,0.0092,27036.0,27036.0,0.5561,0.2538,0.9908,0.0058,0.9526,0.0192,0.8144,0.151,0.0,0.0515,0.0224"
"Childersburgcity_al,"	"0.0394,0.0029,0.0086,23932.0,23932.0,0.5676,0.227,0.9914,0.0079,0.9734,0.0128,0.8394,0.1261,0.001,0.0508,0.0049"
"Citronellecity_al,"	"0.002,31739.0,31739.0,0.998,0.0,0.952,0.0267,0.8218,0.1452,0.0,0.0548,0.0213"
"Clantoncity_al,"	"0.0164,30394.0,30394.0,0.9836,0.0019,0.9516,0.0199,0.8149,0.1517,0.0,0.0556,0.0266"
"ClayCDP_al,"	"0.0119,0.9881,0.0044,0.9635,0.0063,0.8981,0.0844,0.0,0.0529,0.0258"
"Clayhatcheetown_al,"	"0.027,30156.0,30156.0,0.973,0.0209,0.9581,0.0209,0.7935,0.1576,0.0,0.0652,0.0"
"Claytontown_al,"	"0.0519,0.0,0.0067,18750.0,18750.0,0.4305,0.3154,0.9933,0.0,0.9637,0.0069,0.7626,0.213,0.0017,0.0504,0.0277"
"Clevelandtown_al,"	"0.0648,0.0,0.1036,37037.0,37037.0,0.4752,0.3062,0.8964,0.0,0.8381,0.0,0.8795,0.0991,0.0,0.0448,0.1619"
"Cliotown_al,"	"0.0563,0.0,0.059,17417.0,17417.0,0.456,0.3928,0.941,0.0051,0.9332,0.0051,0.3803,0.6002,0.0,0.032,0.0566"
"Coalingcity_al,"	"0.0422,0.0,0.0,0.6535,0.1867,1.0,0.0,0.979,0.0,0.8756,0.0881,0.0,0.0661,0.021"
"CoffeeSpringstown_al,"	"0.0071,0.9929,0.0,0.9675,0.0163,0.8491,0.1422,0.0,0.0517,0.0163"
"Coffeevilletown_al,"	"0.0,19545.0,19545.0,1.0,0.0,0.9702,0.0119,0.7798,0.1733,0.0,0.0939,0.0179"
"Cokertown_al,"	"0.0,41184.0,41184.0,1.0,0.0,0.9203,0.0254,0.8628,0.151,0.0,0.0312,0.0543"
"Collinsvilletown_al,"	"0.0364,0.0,0.1629,21964.0,21964.0,0.4244,0.4216,0.8371,0.0,0.801,0.0052,0.8182,0.1453,0.0052,0.0583,0.1885"
"Colonytown_al,"	"0.0,32708.0,32708.0,1.0,0.0,0.9419,0.0194,0.8171,0.1433,0.0,0.0701,0.0387"
"Columbianacity_al,"	"0.0137,34034.0,34034.0,0.9863,0.0031,0.9502,0.0109,0.813,0.1467,0.0,0.0602,0.0358"
"Columbiatown_al,"	"0.0727,0.0,0.0172,27500.0,27500.0,0.5218,0.3036,0.9828,0.0,0.9591,0.0292,0.8257,0.1426,0.0,0.0618,0.0117"
"ConcordCDP_al,"	"0.0446,0.0,0.0,0.6669,0.154,1.0,0.0,0.9674,0.0,0.8653,0.0954,0.0,0.0613,0.0326"
"Coosadatown_al,"	"0.012,39405.0,39405.0,0.988,0.0,0.9698,0.0043,0.84,0.114,0.0,0.065,0.0259"
"Cordovacity_al,"	"0.014,17389.0,17389.0,0.986,0.0,0.9491,0.0207,0.7653,0.2011,0.0,0.0586,0.0302"
"Cottonwoodtown_al,"	"0.0095,21452.0,21452.0,0.9905,0.0,0.9433,0.0081,0.8292,0.1484,0.0,0.0601,0.0486"
"CountyLinetown_al,"	"0.0,1.0,0.0,0.9605,0.0,0.8857,0.0857,0.0,0.04,0.0395"
"Courtlandtown_al,"	"0.0051,27500.0,27500.0,0.9949,0.0,0.9416,0.0227,0.8494,0.1156,0.0,0.0473,0.0357"
"Cowartstown_al,"	"0.0077,36688.0,36688.0,0.9923,0.0,0.9444,0.0079,0.873,0.0882,0.0,0.0712,0.0477"
"Creolatown_al,"	"0.001,0.999,0.0,0.9472,0.0181,0.8489,0.1169,0.0042,0.0533,0.0306"
"Crossvilletown_al,"	"0.0074,31394.0,31394.0,0.9926,0.0039,0.9882,0.002,0.8565,0.1247,0.0,0.0395,0.0059"
"Cubatown_al,"	"0.0048,50795.0,50795.0,0.9952,0.0,0.9415,0.0468,0.8462,0.0855,0.0,0.0769,0.0117"
"Cullmancity_al,"	"0.0815,0.003,0.0339,29164.0,29164.0,0.4503,0.2341,0.9661,0.0042,0.9393,0.016,0.8228,0.1321,0.0,0.075,0.0406"
"Dadevillecity_al,"	"0.001,25266.0,25266.0,0.999,0.0,0.9651,0.0063,0.823,0.1455,0.0,0.0643,0.0286"
"Dalevillecity_al,"	"0.0725,34473.0,34473.0,0.9275,0.043,0.8797,0.0486,0.8322,0.1337,0.0,0.0728,0.0287"
"Daphnecity_al,"	"0.0833,0.0133,0.0271,52603.0,52603.0,0.4602,0.0543,0.9729,0.0035,0.9317,0.0251,0.8582,0.103,0.0011,0.063,0.0387"
"DauphinIslandtown_al,"	"0.0226,44219.0,44219.0,0.9774,0.0088,0.9193,0.0333,0.7993,0.149,0.0035,0.078,0.0351"
"Davistontown_al,"	"0.0,1.0,0.0175,0.9386,0.0,0.7955,0.1682,0.0,0.05,0.0439"
"Daytontown_al,"	"0.0,12500.0,12500.0,1.0,0.0,1.0,0.0,0.6944,0.2222,0.0,0.0833,0.0"
"Deatsvilletown_al,"	"0.0,40938.0,40938.0,1.0,0.0,0.9625,0.025,0.8514,0.0991,0.0,0.0867,0.0125"
"Decaturcity_al,"	"0.0593,0.0056,0.0448,37192.0,37192.0,0.5036,0.1621,0.9552,0.0041,0.9294,0.0169,0.8448,0.1177,0.0019,0.0665,0.0477"
"Demopoliscity_al,"	"0.0177,26481.0,26481.0,0.9823,0.0,0.9465,0.0105,0.7876,0.1674,0.0033,0.0668,0.0397"
"Detroittown_al,"	"0.0,1.0,0.0,0.9759,0.0,0.7987,0.1611,0.0,0.0537,0.0241"
"DodgeCitytown_al,"	"0.0616,0.0,0.0031,30417.0,30417.0,0.5271,0.3448,0.9969,0.0,0.95,0.0227,0.8379,0.1221,0.0,0.0695,0.0273"
"Doracity_al,"	"0.035,0.007,0.0067,21458.0,21458.0,0.5271,0.331,0.9933,0.004,0.9445,0.0198,0.7898,0.1811,0.0059,0.0499,0.0258"
"Dothancity_al,"	"0.0652,0.007,0.0204,35000.0,35000.0,0.4903,0.1779,0.9796,0.0063,0.9569,0.0153,0.8402,0.1189,0.0007,0.0647,0.0207"
"DoubleSpringstown_al,"	"0.0,1.0,0.0,0.9769,0.0046,0.8273,0.1241,0.0,0.0584,0.0185"
"Douglastown_al,"	"0.009,0.991,0.0,0.9604,0.0,0.8486,0.133,0.0,0.0367,0.0396"
"Doziertown_al,"	"0.0055,13750.0,13750.0,0.9945,0.0,0.9524,0.0,0.8099,0.1761,0.0,0.088,0.0476"
"Duttontown_al,"	"0.0058,0.9942,0.0,0.912,0.04,0.8008,0.125,0.0,0.1211,0.048"
"EastBrewtoncity_al,"	"0.0587,0.0032,0.0086,23125.0,23125.0,0.5754,0.2573,0.9914,0.002,0.9569,0.0157,0.8246,0.1484,0.0029,0.0519,0.0225"
"Eclectictown_al,"	"0.0037,0.9963,0.0,0.9556,0.0104,0.7989,0.1667,0.0,0.0754,0.0339"
"EdgewaterCDP_al,"	"0.0,21322.0,21322.0,1.0,0.0,1.0,0.0,0.8418,0.1378,0.0,0.0578,0.0"
"Edwardsvilletown_al,"	"0.0,1.0,0.0,1.0,0.0,0.7784,0.1591,0.0,0.1364,0.0"
"Elbacity_al,"	"0.0216,0.0,0.0012,24021.0,24021.0,0.4121,0.347,0.9988,0.0,0.9733,0.0044,0.7598,0.1939,0.0,0.0676,0.0222"
"Elbertatown_al,"	"0.0543,22375.0,22375.0,0.9457,0.0,0.8652,0.0783,0.7648,0.1853,0.0,0.0546,0.0565"
"Eldridgetown_al,"	"0.011,0.989,0.0,1.0,0.0,0.7676,0.2042,0.0,0.0282,0.0"
"Elkmonttown_al,"	"0.0043,0.9957,0.0,0.9669,0.0331,0.8252,0.1605,0.0,0.0287,0.0"
"Elmoretown_al,"	"0.0,1.0,0.0,0.9529,0.0,0.7881,0.1722,0.0,0.0861,0.0471"
"Emelletown_al,"	"0.0,1.0,0.0,1.0,0.0,0.75,0.25,0.0,0.0,0.0"
"Enterprisecity_al,"	"0.0842,0.0075,0.0432,37661.0,37661.0,0.453,0.1674,0.9568,0.0173,0.8892,0.0358,0.8431,0.1161,0.0013,0.0625,0.0564"
"Epestown_al,"	"0.0,25625.0,25625.0,1.0,0.0,0.9195,0.046,0.7457,0.2543,0.0,0.0231,0.0345"
"Ethelsvilletown_al,"	"0.0169,0.9831,0.0,1.0,0.0,0.7692,0.2115,0.0,0.0577,0.0"
"Eufaulacity_al,"	"0.0592,0.0025,0.0174,27910.0,27910.0,0.4982,0.2305,0.9826,0.0024,0.9485,0.0142,0.8474,0.1162,0.0,0.0635,0.035"
"Eunolatown_al,"	"0.0,1.0,0.0,1.0,0.0,0.7389,0.2357,0.0,0.0318,0.0"
"Eutawcity_al,"	"0.043,0.0016,0.0053,23056.0,23056.0,0.4984,0.2441,0.9947,0.0026,0.975,0.0118,0.7672,0.1933,0.0,0.06,0.0105"
"Evatown_al,"	"0.0087,0.9913,0.0,0.9672,0.0109,0.8469,0.102,0.0,0.0969,0.0219"
"Evergreencity_al,"	"0.0372,0.0061,0.0016,20979.0,20979.0,0.5463,0.219,0.9984,0.0,0.9639,0.0232,0.8014,0.153,0.0,0.069,0.0129"
"Exceltown_al,"	"0.0,1.0,0.0,1.0,0.0,0.8797,0.0778,0.0,0.0708,0.0"
"Fairfieldcity_al,"	"0.0904,0.0049,0.0065,27845.0,27845.0,0.4869,0.1473,0.9935,0.0,0.9394,0.0238,0.8164,0.1398,0.0048,0.0692,0.032"
"Fairhopecity_al,"	"0.0313,42913.0,42913.0,0.9687,0.0023,0.9376,0.0352,0.8303,0.1302,0.0013,0.0712,0.0236"
"Fairviewtown_al,"	"0.0741,0.0,0.1617,31875.0,31875.0,0.5185,0.2963,0.8383,0.0,0.8135,0.0311,0.7666,0.1304,0.0,0.1167,0.1554"
"Falkvilletown_al,"	"0.0194,34583.0,34583.0,0.9806,0.0,0.9158,0.0263,0.8034,0.1692,0.0,0.0321,0.0579"
"Faunsdaletown_al,"	"0.0,1.0,0.0,1.0,0.0,0.7209,0.186,0.0,0.093,0.0"
"Fayettecity_al,"	"0.0186,25714.0,25714.0,0.9814,0.0067,0.9605,0.0125,0.8179,0.1448,0.0,0.0687,0.0202"
"FivePointstown_al,"	"0.0,1.0,0.0,0.8305,0.0508,0.8136,0.161,0.0,0.0424,0.1186"
"Flomatontown_al,"	"0.0103,25875.0,25875.0,0.9897,0.0,0.9632,0.0046,0.821,0.1519,0.0,0.0575,0.0322"
"Floralacity_al,"	"0.0132,17377.0,17377.0,0.9868,0.0092,0.9563,0.0161,0.7646,0.1904,0.0,0.0673,0.0184"
"Florencecity_al,"	"0.0465,0.0149,0.0156,28330.0,28330.0,0.4863,0.1854,0.9844,0.0039,0.9551,0.0176,0.8038,0.138,0.0004,0.0881,0.0229"
"Foleycity_al,"	"0.0327,0.0,0.0377,31596.0,31596.0,0.5917,0.1897,0.9623,0.0052,0.9171,0.026,0.8265,0.1361,0.0,0.066,0.0517"
"ForestdaleCDP_al,"	"0.0728,0.0069,0.0062,43111.0,43111.0,0.5639,0.1248,0.9938,0.0037,0.9671,0.0161,0.8173,0.1464,0.0,0.0638,0.0131"
"Forklandtown_al,"	"0.0233,0.007,0.0043,18698.0,18698.0,0.4791,0.3372,0.9957,0.0,0.9396,0.0075,0.744,0.2103,0.0,0.0794,0.0528"
"FortDeposittown_al,"	"0.0301,0.0,0.0,20433.0,20433.0,0.434,0.3582,1.0,0.0,0.957,0.0043,0.7804,0.1929,0.0,0.0591,0.0387"
"FortPaynecity_al,"	"0.0985,33560.0,33560.0,0.9015,0.0048,0.8887,0.018,0.8585,0.1126,0.0012,0.0536,0.0873"
"FortRuckerCDP_al,"	"0.1585,0.0024,0.0623,0.535,0.0132,0.9377,0.0244,0.7357,0.0845,0.9336,0.0322,0.0036,0.0793,0.1519"
"Franklintown_al,"	"0.0,1.0,0.0,1.0,0.0,0.757,0.215,0.0,0.0561,0.0"
"FriscoCitytown_al,"	"0.0065,26176.0,26176.0,0.9935,0.005,0.9354,0.0149,0.8283,0.1562,0.0182,0.0409,0.0265"
"Fruithurstcity_al,"	"0.0256,0.9744,0.0,0.9593,0.0244,0.7137,0.2137,0.0,0.1129,0.0163"
"Fultondalecity_al,"	"0.0289,38006.0,38006.0,0.9711,0.0172,0.9417,0.0152,0.8273,0.1448,0.0,0.039,0.0259"
"Fultontown_al,"	"0.0592,0.0,0.0068,23750.0,23750.0,0.5207,0.2959,0.9932,0.0,0.9912,0.0088,0.8558,0.0962,0.0,0.0721,0.0"
"Fyffetown_al,"	"0.0231,0.9769,0.0,0.953,0.0,0.8472,0.116,0.0,0.0552,0.047"
"Gadsdencity_al,"	"0.0591,0.0031,0.0262,24823.0,24823.0,0.5002,0.2538,0.9738,0.0035,0.9493,0.0098,0.7941,0.1678,0.0027,0.0689,0.0347"
"Gainesvilletown_al,"	"0.0,1.0,0.0,0.9759,0.0241,0.7574,0.1765,0.0,0.0809,0.0"
"Gantttown_al,"	"0.0192,0.9808,0.0183,0.9358,0.0,0.7574,0.1931,0.0,0.0792,0.0459"
"GardenCitytown_al,"	"0.0037,28000.0,28000.0,0.9963,0.0,0.9762,0.0,0.7981,0.1601,0.0,0.0696,0.0238"
"Gardendalecity_al,"	"0.0178,45786.0,45786.0,0.9822,0.0048,0.95,0.0248,0.8534,0.1144,0.0019,0.0579,0.0186"
"Gaylesvilletown_al,"	"0.0,1.0,0.0,1.0,0.0,0.8125,0.1875,0.0,0.0357,0.0"
"Geigertown_al,"	"0.0127,17917.0,17917.0,0.9873,0.0,0.9623,0.0,0.6953,0.2422,0.0,0.1016,0.0377"
"Genevacity_al,"	"0.0041,22096.0,22096.0,0.9959,0.0,0.9607,0.0168,0.8233,0.1462,0.0,0.0518,0.0224"
"Georgianatown_al,"	"0.0077,17014.0,17014.0,0.9923,0.0061,0.9693,0.0138,0.7765,0.1902,0.0,0.0618,0.0107"
"Geraldinetown_al,"	"0.0027,24028.0,24028.0,0.9973,0.0,0.956,0.0147,0.8206,0.1545,0.0,0.0465,0.0293"
"Gilbertowntown_al,"	"0.0,1.0,0.0,0.963,0.0,0.8784,0.0946,0.0,0.0541,0.037"
"GlenAllentown_al,"	"0.0,1.0,0.0,0.9502,0.01,0.8214,0.1454,0.0,0.0485,0.0398"
"Glencoecity_al,"	"0.0954,0.0017,0.0059,38385.0,38385.0,0.5334,0.1853,0.9941,0.0,0.9644,0.0093,0.8294,0.1361,0.0,0.0517,0.0263"
"Glenwoodtown_al,"	"0.0,1.0,0.0,0.9157,0.0482,0.8849,0.0863,0.0,0.0647,0.0361"
"Goldvilletown_al,"	"0.0,1.0,0.0,1.0,0.0,0.8,0.0,0.0,0.3,0.0"
"GoodHopetown_al,"	"0.002,0.998,0.0,0.9823,0.0,0.8526,0.119,0.0,0.056,0.0177"
"Goodwatercity_al,"	"0.0049,22188.0,22188.0,0.9951,0.0032,0.9696,0.0032,0.7823,0.185,0.0032,0.0431,0.0208"
"Gordontown_al,"	"0.0,1.0,0.0,0.9781,0.0,0.8053,0.1718,0.0,0.0382,0.0219"
"Gordonvilletown_al,"	"0.0,1.0,0.0,0.931,0.0,0.6571,0.3357,0.0,0.0071,0.069"
"Gordotown_al,"	"0.0644,0.0045,0.0006,23813.0,23813.0,0.5422,0.2466,0.9994,0.0,0.9514,0.01,0.8085,0.1653,0.0,0.0609,0.0386"
"Goshentown_al,"	"0.0,24219.0,24219.0,1.0,0.0,1.0,0.0,0.8596,0.1149,0.0,0.034,0.0"
"GrandBayCDP_al,"	"0.0618,0.0031,0.0093,38941.0,38941.0,0.526,0.2702,0.9907,0.0057,0.9632,0.0078,0.8359,0.1376,0.0,0.065,0.0234"
"Granttown_al,"	"0.0,37188.0,37188.0,1.0,0.0,0.9819,0.0109,0.8494,0.0927,0.0,0.0772,0.0072"
"GraysonValleyCDP_al,"	"0.0117,50691.0,50691.0,0.9883,0.0081,0.949,0.029,0.9172,0.0644,0.0,0.0414,0.0138"
"Graysvillecity_al,"	"0.0084,30994.0,30994.0,0.9916,0.0188,0.9347,0.0078,0.853,0.1217,0.0,0.0639,0.0388"
"Greensborocity_al,"	"0.0025,22930.0,22930.0,0.9975,0.0,0.9518,0.0167,0.7911,0.173,0.0,0.0722,0.0315"
"Greenvillecity_al,"	"0.0436,0.0035,0.0045,22106.0,22106.0,0.4793,0.2788,0.9955,0.0052,0.9445,0.0164,0.7741,0.1865,0.0021,0.0651,0.0318"
"Grimestown_al,"	"0.0108,28839.0,28839.0,0.9892,0.0,0.963,0.0106,0.8447,0.1316,0.0,0.0447,0.0265"
"GroveHilltown_al,"	"0.0014,31012.0,31012.0,0.9986,0.0053,0.9455,0.0228,0.8045,0.1422,0.0,0.0698,0.0264"
"Gu-Wintown_al,"	"0.0,1.0,0.0,0.9506,0.0,0.7,0.225,0.0,0.1,0.0494"
"Guincity_al,"	"0.0129,26618.0,26618.0,0.9871,0.0068,0.9658,0.0029,0.8358,0.1418,0.0,0.049,0.0245"
"GulfShorescity_al,"	"0.043,41826.0,41826.0,0.957,0.0,0.937,0.0397,0.8138,0.146,0.0,0.0815,0.0232"
"Guntersvillecity_al,"	"0.0065,29882.0,29882.0,0.9935,0.003,0.9427,0.0125,0.7891,0.1682,0.0,0.0769,0.0418"
"Gurleytown_al,"	"0.0171,0.0,0.0079,23831.0,23831.0,0.5685,0.3082,0.9921,0.0,0.9331,0.0195,0.7878,0.1766,0.0139,0.0682,0.0334"
"Hackleburgtown_al,"	"0.002,26075.0,26075.0,0.998,0.0,0.979,0.003,0.8259,0.1543,0.0,0.0668,0.018"
"Haleburgtown_al,"	"0.0,25500.0,25500.0,1.0,0.0,1.0,0.0,0.7901,0.2099,0.0,0.0,0.0"
"Haleyvillecity_al,"	"0.0242,24907.0,24907.0,0.9758,0.006,0.9755,0.0,0.8122,0.1475,0.0,0.0687,0.0185"
"Hamiltoncity_al,"	"0.0021,27489.0,27489.0,0.9979,0.0033,0.9575,0.0092,0.7986,0.1666,0.0,0.047,0.0299"
"Hammondvilletown_al,"	"0.0021,33056.0,33056.0,0.9979,0.0,0.9355,0.0269,0.8761,0.0761,0.0,0.0761,0.0376"
"Hancevillecity_al,"	"0.0288,26351.0,26351.0,0.9712,0.0,0.9428,0.0035,0.8014,0.1492,0.0043,0.0738,0.0494"
"Harpersvilletown_al,"	"0.0505,0.0057,0.0024,31655.0,31655.0,0.5539,0.2765,0.9976,0.0,0.9666,0.0017,0.8114,0.151,0.0,0.0563,0.0317"
"Hartfordcity_al,"	"0.0047,23324.0,23324.0,0.9953,0.0,0.9826,0.0,0.7842,0.1718,0.0,0.0691,0.0174"
"Hartsellecity_al,"	"0.0153,40461.0,40461.0,0.9847,0.0027,0.9651,0.0048,0.8536,0.1171,0.001,0.0545,0.0264"
"HarvestCDP_al,"	"0.0074,0.9926,0.0103,0.952,0.0,0.8843,0.0922,0.0,0.0457,0.0376"
"Haydentown_al,"	"0.0043,31484.0,31484.0,0.9957,0.0051,0.9695,0.0,0.8839,0.1048,0.0,0.0482,0.0254"
"Haynevilletown_al,"	"0.0286,0.006,0.0026,19554.0,19554.0,0.5429,0.2586,0.9974,0.0072,0.9618,0.0072,0.7643,0.2054,0.0,0.0525,0.0239"
"HazelGreenCDP_al,"	"0.1052,0.0032,0.0164,0.5397,0.1311,0.9836,0.0061,0.9495,0.0207,0.8473,0.1132,0.0145,0.0704,0.0092"
"Headlandcity_al,"	"0.0584,0.0,0.0104,34388.0,34388.0,0.5266,0.1994,0.9896,0.012,0.954,0.0113,0.8501,0.1111,0.0,0.0645,0.0227"
"Heathtown_al,"	"0.0092,0.9908,0.0,0.9912,0.0,0.8837,0.093,0.0,0.0698,0.0088"
"Heflincity_al,"	"0.0445,0.0038,0.0141,28398.0,28398.0,0.4531,0.311,0.9859,0.0,0.9533,0.0048,0.8241,0.1317,0.0,0.065,0.0419"
"Helenacity_al,"	"0.0148,0.9852,0.0048,0.9544,0.0179,0.9102,0.0414,0.0,0.0728,0.0229"
"Henagartown_al,"	"0.0,29777.0,29777.0,1.0,0.0032,0.9611,0.0116,0.8448,0.1169,0.0,0.0606,0.0242"
"HighlandLaketown_al,"	"0.0614,0.0072,0.0162,0.5199,0.0975,0.9838,0.0,0.8854,0.0764,0.8562,0.1182,0.0,0.0703,0.0382"
"Hillsborotown_al,"	"0.0,1.0,0.0,0.9314,0.0196,0.8768,0.0986,0.0,0.0472,0.049"
"HobsonCitytown_al,"	"0.0031,17589.0,17589.0,0.9969,0.0,1.0,0.0,0.7865,0.1713,0.0,0.0716,0.0"
"Hodgestown_al,"	"0.0034,0.9966,0.0,0.951,0.0196,0.8063,0.1441,0.0,0.0766,0.0294"
"HokesBluffcity_al,"	"0.095,0.0075,0.0063,37923.0,37923.0,0.6368,0.1313,0.9937,0.0059,0.9693,0.0089,0.8266,0.1348,0.0,0.0677,0.016"
"HollyPondtown_al,"	"0.0174,28182.0,28182.0,0.9826,0.0081,0.9395,0.0081,0.8462,0.1227,0.0,0.0644,0.0444"
"Hollywoodtown_al,"	"0.0079,27500.0,27500.0,0.9921,0.0,0.9586,0.0083,0.8498,0.1245,0.0,0.0572,0.0331"
"HoltCDP_al,"	"0.0236,0.0024,0.0076,27273.0,27273.0,0.5736,0.2496,0.9924,0.0031,0.9623,0.021,0.8009,0.1612,0.0,0.0701,0.0136"
"Homewoodcity_al,"	"0.0527,0.0226,0.0637,45431.0,45431.0,0.3394,0.0446,0.9363,0.0172,0.8924,0.0359,0.8498,0.0831,0.0189,0.1081,0.0355"
"Hoovercity_al,"	"0.0507,0.0195,0.0636,61982.0,61982.0,0.3707,0.0383,0.9364,0.0173,0.904,0.0288,0.8868,0.073,0.0083,0.0689,0.0416"
"HornHilltown_al,"	"0.0,1.0,0.0,0.9485,0.0206,0.8121,0.1576,0.0,0.0424,0.0309"
"Hueytowncity_al,"	"0.0046,41225.0,41225.0,0.9954,0.0,0.9739,0.0115,0.8428,0.1132,0.0027,0.0625,0.0119"
"HuguleyCDP_al,"	"0.0074,28475.0,28475.0,0.9926,0.0,0.9331,0.0294,0.8337,0.1187,0.0,0.0593,0.0375"
"Huntsvillecity_al,"	"0.0588,0.0169,0.0493,41074.0,41074.0,0.4374,0.1179,0.9507,0.0159,0.916,0.0336,0.8379,0.1104,0.0057,0.0809,0.0288"
"Hurtsborotown_al,"	"0.0,16691.0,16691.0,1.0,0.0,0.9763,0.0,0.7182,0.25,0.0034,0.0593,0.0203"
"Hytoptown_al,"	"0.0,1.0,0.0,0.9703,0.0,0.939,0.0329,0.0,0.0704,0.0297"
"Idertown_al,"	"0.0092,0.9908,0.0,0.9619,0.0277,0.8076,0.181,0.0,0.0248,0.0104"
"IndianSpringsVilla_al,"	"0.0162,0.9838,0.0026,0.9614,0.0039,0.8686,0.0937,0.0051,0.0701,0.027"
"Irondalecity_al,"	"0.0437,46203.0,46203.0,0.9563,0.0025,0.9324,0.0285,0.8279,0.1229,0.0033,0.069,0.0333"
"Jacksoncity_al,"	"0.0103,34806.0,34806.0,0.9897,0.0046,0.9447,0.0206,0.8417,0.1231,0.0,0.046,0.0302"
"Jacksons'Gaptown_al,"	"0.0153,23026.0,23026.0,0.9847,0.0064,0.9395,0.0127,0.8399,0.1346,0.0,0.0477,0.0414"
"Jacksonvillecity_al,"	"0.0202,0.9798,0.0167,0.947,0.0271,0.7677,0.1135,0.0,0.1741,0.0092"
"Jaspercity_al,"	"0.0742,0.0056,0.0129,33044.0,33044.0,0.4708,0.2143,0.9871,0.0017,0.9503,0.0132,0.8199,0.1454,0.0,0.064,0.0347"
"Jemisontown_al,"	"0.0298,0.0,0.0308,33250.0,33250.0,0.564,0.2891,0.9692,0.0,0.9479,0.0083,0.8453,0.1232,0.0,0.0566,0.0438"
"Kansastown_al,"	"0.0,23021.0,23021.0,1.0,0.0,0.9541,0.0,0.81,0.175,0.0,0.045,0.0459"
"Kennedytown_al,"	"0.0038,0.9962,0.0,0.9815,0.0,0.8093,0.1565,0.0,0.0513,0.0185"
"Killentown_al,"	"0.0069,0.9931,0.0,0.9675,0.0186,0.8356,0.1153,0.007,0.0726,0.007"
"Kimberlytown_al,"	"0.0731,0.0,0.0091,46343.0,46343.0,0.585,0.1665,0.9909,0.0016,0.9709,0.0016,0.8914,0.0877,0.0,0.0403,0.0258"
"Kinseytown_al,"	"0.0078,27578.0,27578.0,0.9922,0.0099,0.9547,0.0057,0.8709,0.105,0.0,0.0537,0.0297"
"Kinstontown_al,"	"0.0099,30875.0,30875.0,0.9901,0.0161,0.9558,0.0,0.8203,0.1385,0.0,0.0541,0.0281"
"LaFayettecity_al,"	"0.0031,22768.0,22768.0,0.9969,0.0,0.9587,0.0202,0.7306,0.2278,0.0,0.0541,0.0211"
"LadoniaCDP_al,"	"0.0212,0.9788,0.0065,0.9336,0.0243,0.795,0.1668,0.0,0.0563,0.0356"
"LakePurdyCDP_al,"	"0.0541,54349.0,54349.0,0.9459,0.026,0.9066,0.0422,0.9259,0.0544,0.0061,0.0559,0.0191"
"LakeViewtown_al,"	"0.0107,54879.0,54879.0,0.9893,0.0,0.9528,0.0205,0.8934,0.0696,0.0,0.084,0.0267"
"Lakeviewtown_al,"	"0.0123,0.9877,0.0,0.9394,0.0,0.8222,0.1407,0.0,0.037,0.0606"
"Lanettcity_al,"	"0.0318,0.0014,0.0148,26197.0,26197.0,0.4891,0.3007,0.9852,0.0,0.9604,0.0155,0.8206,0.1522,0.0,0.0469,0.0241"
"Langstontown_al,"	"0.0,33333.0,33333.0,1.0,0.0,1.0,0.0,0.8167,0.1833,0.0,0.0278,0.0"
"Leedscity_al,"	"0.0591,0.0043,0.0107,37420.0,37420.0,0.5538,0.1779,0.9893,0.0027,0.956,0.0116,0.8527,0.1168,0.0,0.0499,0.0297"
"Leesburgtown_al,"	"0.0,34779.0,34779.0,1.0,0.0,0.9553,0.0096,0.835,0.1359,0.0,0.0502,0.0351"
"Leightontown_al,"	"0.0241,0.0086,0.0186,20500.0,20500.0,0.4303,0.4062,0.9814,0.0,0.9344,0.0164,0.7706,0.1948,0.0,0.0505,0.0492"
"Lestertown_al,"	"0.0,1.0,0.0,0.9231,0.0769,0.8961,0.1039,0.0,0.026,0.0"
"LevelPlainstown_al,"	"0.0657,38269.0,38269.0,0.9343,0.0341,0.872,0.0495,0.8658,0.1048,0.0034,0.045,0.041"
"Lexingtontown_al,"	"0.0048,31736.0,31736.0,0.9952,0.0,0.9859,0.0056,0.8099,0.1433,0.0,0.0599,0.0085"
"Libertyvilletown_al,"	"0.0,1.0,0.0,0.9362,0.0,0.9036,0.0964,0.0,0.0241,0.0638"
"Lincolncity_al,"	"0.0069,34053.0,34053.0,0.9931,0.0035,0.914,0.0436,0.8618,0.1186,0.0,0.0396,0.039"
"Lindencity_al,"	"0.0474,0.0038,0.0104,22303.0,22303.0,0.5177,0.2162,0.9896,0.0052,0.942,0.0124,0.8064,0.1624,0.0041,0.0547,0.0362"
"Linevillecity_al,"	"0.0092,23468.0,23468.0,0.9908,0.0,0.9573,0.0165,0.7879,0.1783,0.0,0.0583,0.0262"
"Lipscombcity_al,"	"0.0551,0.004,0.0221,30865.0,30865.0,0.6166,0.2173,0.9779,0.0255,0.8979,0.0186,0.805,0.1677,0.0,0.0595,0.058"
"Lismantown_al,"	"0.0,20333.0,20333.0,1.0,0.0041,0.9628,0.0083,0.762,0.1834,0.0,0.0677,0.0248"
"Littlevilletown_al,"	"0.0021,32583.0,32583.0,0.9979,0.0026,0.9711,0.0,0.8365,0.13,0.0,0.063,0.0262"
"Livingstoncity_al,"	"0.0535,0.0186,0.0024,13516.0,13516.0,0.4128,0.2087,0.9976,0.0022,0.9599,0.0074,0.7806,0.1748,0.0,0.087,0.0304"
"Loachapokatown_al,"	"0.0073,0.9927,0.0182,0.9636,0.0,0.8108,0.1622,0.0,0.0541,0.0182"
"Lockharttown_al,"	"0.0073,0.9927,0.0,0.9571,0.0,0.8384,0.1311,0.0,0.0562,0.0429"
"LocustForktown_al,"	"0.0038,39333.0,39333.0,0.9962,0.0,0.9534,0.0078,0.8522,0.1223,0.0052,0.0471,0.0337"
"Louisvilletown_al,"	"0.0711,20859.0,20859.0,0.9289,0.0,0.9537,0.0,0.7836,0.1715,0.0,0.0604,0.0463"
"Lowndesborotown_al,"	"0.0114,0.9886,0.0,0.9878,0.0,0.8058,0.1511,0.0,0.0647,0.0122"
"Loxleytown_al,"	"0.0598,0.0087,0.0185,0.5543,0.2272,0.9815,0.0,0.949,0.0158,0.8406,0.126,0.0035,0.076,0.0316"
"Luvernecity_al,"	"0.008,22457.0,22457.0,0.992,0.0,0.9581,0.0227,0.8173,0.1588,0.0,0.047,0.0192"
"Lynntown_al,"	"0.0053,26125.0,26125.0,0.9947,0.0,0.9644,0.0119,0.8479,0.1365,0.0,0.0336,0.0237"
"Macedoniatown_al,"	"0.0058,0.9942,0.0,0.9558,0.0,0.8109,0.1723,0.0,0.0294,0.0442"
"Madisoncity_al,"	"0.0614,0.0149,0.0561,63849.0,63849.0,0.3641,0.0433,0.9439,0.0235,0.893,0.0406,0.9003,0.0562,0.0083,0.0713,0.0346"
"Madridtown_al,"	"0.0064,0.9936,0.0305,0.9542,0.0,0.8361,0.1434,0.0,0.0369,0.0153"
"Malverntown_al,"	"0.0115,0.9885,0.0,0.9554,0.0081,0.8848,0.0645,0.0,0.0761,0.0365"
"Maplesvilletown_al,"	"0.0015,0.9985,0.0,0.9676,0.0072,0.8096,0.1558,0.0,0.0769,0.0252"
"Margarettown_al,"	"0.0,30147.0,30147.0,1.0,0.0109,0.9563,0.0,0.8709,0.1013,0.0,0.0848,0.0328"
"Marioncity_al,"	"0.0516,0.013,0.0035,24330.0,24330.0,0.469,0.234,0.9965,0.0,0.9721,0.0131,0.751,0.1778,0.0,0.1055,0.0148"
"Maytowntown_al,"	"0.0041,0.9959,0.0,0.8862,0.0958,0.8208,0.1584,0.0,0.039,0.018"
"McDonaldChapelCDP_al,"	"0.0265,0.9735,0.0069,0.9794,0.0137,0.7546,0.227,0.0,0.0328,0.0"
"McIntoshtown_al,"	"0.0318,0.0,0.0408,28214.0,28214.0,0.7261,0.0828,0.9592,0.0,0.9333,0.0,0.8378,0.1297,0.0556,0.0541,0.0111"
"McKenzietown_al,"	"0.0,18173.0,18173.0,1.0,0.0,0.9512,0.007,0.8276,0.1513,0.0,0.0383,0.0418"
"McMullentown_al,"	"0.0,1.0,0.0,0.9643,0.0,0.7719,0.2281,0.0,0.1053,0.0357"
"MeadowbrookCDP_al,"	"0.0044,83715.0,83715.0,0.9956,0.0,0.9813,0.0037,0.8842,0.061,0.0,0.0978,0.015"
"Memphistown_al,"	"0.0,1.0,0.0,1.0,0.0,0.8,0.0667,0.0,0.1333,0.0"
"Mentonetown_al,"	"0.061,0.0058,0.006,0.5436,0.2122,0.994,0.0,0.9522,0.0239,0.8026,0.1513,0.0,0.0795,0.0239"
"MeridianvilleCDP_al,"	"0.0221,0.9779,0.0068,0.9157,0.0109,0.8632,0.0957,0.0054,0.057,0.0612"
"Midfieldcity_al,"	"0.0067,31378.0,31378.0,0.9933,0.0043,0.9501,0.0139,0.8199,0.14,0.0,0.0616,0.0317"
"MidlandCitytown_al,"	"0.0046,20000.0,20000.0,0.9954,0.0129,0.9414,0.0186,0.8039,0.158,0.0,0.0729,0.0271"
"Midwaytown_al,"	"0.038,0.0,0.0087,12143.0,12143.0,0.5021,0.3671,0.9913,0.0,0.9767,0.0,0.7672,0.1803,0.0,0.0525,0.0233"
"MignonCDP_al,"	"0.0092,21019.0,21019.0,0.9908,0.0,0.9556,0.0444,0.7493,0.1974,0.0,0.0808,0.0"
"Millbrookcity_al,"	"0.014,43838.0,43838.0,0.986,0.0031,0.9452,0.0218,0.89,0.074,0.0,0.0737,0.0299"
"Millporttown_al,"	"0.0482,0.0,0.0034,0.5046,0.3168,0.9966,0.0,0.9543,0.0104,0.7976,0.173,0.0,0.0642,0.0353"
"Millrytown_al,"	"0.0439,0.0,0.0,24886.0,24886.0,0.6005,0.224,1.0,0.0,0.9251,0.0187,0.8132,0.1829,0.0,0.0467,0.0562"
"MinorCDP_al,"	"0.0,1.0,0.0,0.9475,0.0357,0.8258,0.1339,0.0,0.0403,0.0168"
"Mobilecity_al,"	"0.0574,0.0094,0.0295,31445.0,31445.0,0.4982,0.1483,0.9705,0.0106,0.9254,0.0272,0.8208,0.1376,0.0033,0.0697,0.0336"
"Monroevillecity_al,"	"0.003,28229.0,28229.0,0.997,0.0011,0.9681,0.0135,0.8111,0.1619,0.0,0.0436,0.0173"
"Montevallocity_al,"	"0.0367,0.0533,0.0156,30541.0,30541.0,0.4667,0.1654,0.9844,0.0,0.9479,0.0103,0.8269,0.1074,0.0,0.1103,0.0418"
"Montgomerycity_al,"	"0.0519,0.0101,0.0214,35627.0,35627.0,0.4612,0.149,0.9786,0.0103,0.9364,0.0201,0.8379,0.1158,0.0027,0.0737,0.0305"
"Moodytown_al,"	"0.0496,0.0041,0.0065,39500.0,39500.0,0.5702,0.218,0.9935,0.0062,0.9696,0.0075,0.8507,0.1242,0.0,0.0542,0.0167"
"MooresMillCDP_al,"	"0.0123,50292.0,50292.0,0.9877,0.0108,0.9491,0.0041,0.8783,0.1068,0.0,0.0391,0.036"
"Mooresvilletown_al,"	"0.0,1.0,0.0,0.85,0.1,0.7209,0.2093,0.0,0.0698,0.05"
"Morristown_al,"	"0.0047,0.9953,0.0,0.9421,0.0466,0.8997,0.0801,0.0028,0.0362,0.0085"
"Mossestown_al,"	"0.0451,0.0,0.0047,17031.0,17031.0,0.4404,0.352,0.9953,0.0,0.9688,0.0142,0.7325,0.2318,0.0,0.0596,0.017"
"Moultoncity_al,"	"0.0347,0.0013,0.0072,26591.0,26591.0,0.4938,0.3295,0.9928,0.013,0.9379,0.0043,0.8205,0.1583,0.0065,0.037,0.0383"
"Moundvilletown_al,"	"0.0037,31944.0,31944.0,0.9963,0.0,0.9518,0.0278,0.8015,0.1493,0.0,0.0647,0.0205"
"MountOliveCDP_al,"	"0.0027,48291.0,48291.0,0.9973,0.0031,0.9648,0.0107,0.8307,0.1325,0.0,0.0598,0.0214"
"MountVernontown_al,"	"0.0354,0.0039,0.0,29861.0,29861.0,0.6483,0.2122,1.0,0.0034,0.9661,0.0102,0.7964,0.1824,0.0,0.0407,0.0203"
"MountainBrookcity_al,"	"0.0233,100483.0,100483.0,0.9767,0.0065,0.9308,0.0422,0.8604,0.1004,0.0037,0.0638,0.0168"
"Mountainborotown_al,"	"0.0138,0.9862,0.0139,0.9306,0.0069,0.8015,0.1835,0.0,0.0412,0.0486"
"Mulgatown_al,"	"0.0034,0.9966,0.0,1.0,0.0,0.8476,0.1239,0.0,0.0499,0.0"
"MunfordCDP_al,"	"0.0686,0.0058,0.0,0.547,0.2465,1.0,0.0093,0.9907,0.0,0.8187,0.1573,0.0,0.0768,0.0"
"MuscleShoalscity_al,"	"0.0036,40216.0,40216.0,0.9964,0.0019,0.9679,0.0118,0.8519,0.1015,0.0011,0.0807,0.0173"
"Myrtlewoodtown_al,"	"0.0,1.0,0.0,1.0,0.0,0.7664,0.2336,0.0,0.0,0.0"
"NapierFieldtown_al,"	"0.028,0.972,0.0109,0.9399,0.0,0.8715,0.0909,0.0,0.0721,0.0492"
"NaturalBridgetown_al,"	"0.0,1.0,0.0,1.0,0.0,0.8889,0.1111,0.0,0.0,0.0"
"Nauvootown_al,"	"0.0,1.0,0.0,0.9167,0.0,0.8514,0.1351,0.0,0.036,0.0833"
"Nectartown_al,"	"0.0,44167.0,44167.0,1.0,0.0,0.9789,0.0,0.8664,0.0879,0.0211,0.0717,0.0"
"Needhamtown_al,"	"0.0,1.0,0.0,0.9211,0.0,0.7159,0.2614,0.0,0.1023,0.0789"
"NewBrocktontown_al,"	"0.0059,24032.0,24032.0,0.9941,0.0105,0.9475,0.0063,0.7921,0.185,0.0,0.0499,0.0357"
"NewHopecity_al,"	"0.0165,31458.0,31458.0,0.9835,0.0,0.9599,0.0128,0.8465,0.1207,0.0046,0.0652,0.0228"
"NewMarketCDP_al,"	"0.0264,0.9736,0.0,0.9278,0.0368,0.805,0.1745,0.0,0.0423,0.0353"
"NewSitetown_al,"	"0.0,29167.0,29167.0,1.0,0.0,0.9722,0.0056,0.8411,0.1384,0.0,0.0658,0.0222"
"Newberntown_al,"	"0.0,1.0,0.0,0.9688,0.0,0.716,0.2663,0.0,0.0178,0.0312"
"Newtontown_al,"	"0.004,33021.0,33021.0,0.996,0.0028,0.9461,0.0111,0.8292,0.1445,0.0,0.0482,0.0401"
"Newvilletown_al,"	"0.0505,0.0,0.0228,0.4646,0.2879,0.9772,0.0,0.9733,0.0,0.8591,0.1208,0.0,0.0201,0.0267"
"NorthBibbtown_al,"	"0.0085,0.9915,0.0,0.9472,0.028,0.8864,0.0912,0.0,0.0523,0.0248"
"NorthCourtlandtown_al,"	"0.0293,0.0,0.0,19875.0,19875.0,0.5042,0.3368,1.0,0.0,0.961,0.012,0.8117,0.1753,0.0,0.0438,0.027"
"NorthJohnstown_al,"	"0.0,1.0,0.0,0.6176,0.0,0.7364,0.1636,0.0,0.1,0.3824"
"Northportcity_al,"	"0.0337,40206.0,40206.0,0.9663,0.0124,0.9248,0.0223,0.8426,0.115,0.0049,0.0749,0.0355"
"Notasulgatown_al,"	"0.0148,0.9852,0.0,0.9676,0.0029,0.7943,0.17,0.0,0.0714,0.0295"
"OakGrovetown_al,"	"0.0105,28625.0,28625.0,0.9895,0.0166,0.9558,0.011,0.904,0.0904,0.0,0.0254,0.0166"
"OakHilltown_al,"	"0.0,1.0,0.0,1.0,0.0,0.8125,0.4375,0.0,0.0,0.0"
"Oakmantown_al,"	"0.0,22014.0,22014.0,1.0,0.0,0.9714,0.0052,0.7779,0.1938,0.0,0.0311,0.0234"
"Odenvilletown_al,"	"0.0045,0.9955,0.0048,0.943,0.0,0.87,0.0944,0.0,0.0806,0.0523"
"Ohatcheetown_al,"	"0.0081,38359.0,38359.0,0.9919,0.0062,0.9648,0.0248,0.8059,0.1474,0.0,0.0742,0.0041"
"Oneontacity_al,"	"0.0515,0.0037,0.0841,28620.0,28620.0,0.4749,0.2876,0.9159,0.0076,0.8646,0.0038,0.8192,0.1398,0.0,0.063,0.124"
"Onychatown_al,"	"0.0192,0.9808,0.0,0.9574,0.0426,0.7953,0.1871,0.0,0.0468,0.0"
"Opelikacity_al,"	"0.0685,0.0121,0.0133,33397.0,33397.0,0.4901,0.1774,0.9867,0.0064,0.9523,0.0156,0.8459,0.1058,0.0005,0.0767,0.0251"
"Oppcity_al,"	"0.0053,26702.0,26702.0,0.9947,0.0022,0.977,0.008,0.8232,0.143,0.0,0.0759,0.0128"
"OrangeBeachcity_al,"	"0.0451,0.9549,0.0094,0.9343,0.0359,0.8027,0.162,0.0,0.0555,0.0204"
"Orrvilletown_al,"	"0.0,1.0,0.0,0.9811,0.0,0.8377,0.1466,0.0,0.0471,0.0189"
"OwensCrossRoadsto_al,"	"0.0113,34856.0,34856.0,0.9887,0.0145,0.9758,0.0,0.8374,0.1084,0.0,0.08,0.0097"
"Oxfordcity_al,"	"0.0521,0.0038,0.0277,40397.0,40397.0,0.5462,0.203,0.9723,0.0056,0.9349,0.0209,0.8458,0.1162,0.0,0.0611,0.0386"
"Ozarkcity_al,"	"0.088,0.0025,0.0252,29330.0,29330.0,0.5383,0.1983,0.9748,0.0109,0.909,0.0381,0.8216,0.1405,0.0031,0.0617,0.0389"
"PaintRocktown_al,"	"0.0,35521.0,35521.0,1.0,0.0,0.9867,0.0133,0.8531,0.0734,0.0,0.0847,0.0"
"Parrishtown_al,"	"0.0,21711.0,21711.0,1.0,0.0,0.9526,0.0237,0.7778,0.1891,0.0,0.0536,0.0237"
"Pelhamcity_al,"	"0.0544,0.0108,0.0568,54808.0,54808.0,0.4875,0.0864,0.9432,0.0091,0.8987,0.0241,0.8839,0.0763,0.0066,0.0682,0.0616"
"PellCitycity_al,"	"0.0119,37250.0,37250.0,0.9881,0.0039,0.9609,0.0193,0.8238,0.1305,0.0,0.0757,0.0159"
"Penningtontown_al,"	"0.0229,0.9771,0.0,0.935,0.0488,0.8496,0.1504,0.0,0.0113,0.0163"
"Petreytown_al,"	"0.0,1.0,0.0,0.92,0.08,0.7963,0.1852,0.0,0.037,0.0"
"PhenixCitycity_al,"	"0.0619,0.0031,0.0169,26720.0,26720.0,0.5014,0.2598,0.9831,0.0062,0.9425,0.0195,0.8374,0.141,0.0019,0.0492,0.0298"
"PhilCampbelltown_al,"	"0.0491,0.0027,0.0037,24598.0,24598.0,0.4814,0.3395,0.9963,0.0,0.9809,0.0106,0.8157,0.1486,0.0,0.0657,0.0085"
"Pickensvilletown_al,"	"0.0075,25357.0,25357.0,0.9925,0.0,0.991,0.0,0.7885,0.1917,0.0,0.0415,0.009"
"Piedmontcity_al,"	"0.0315,0.0017,0.0044,24893.0,24893.0,0.4787,0.341,0.9956,0.0032,0.9738,0.0135,0.8097,0.1637,0.0,0.0523,0.0095"
"PikeRoadcity_al,"	"0.0,1.0,0.0,0.9043,0.0,0.8068,0.0821,0.0,0.2174,0.0957"
"Pinckardtown_al,"	"0.0,36875.0,36875.0,1.0,0.0,0.9705,0.0074,0.8651,0.1017,0.0037,0.0499,0.0185"
"PineAppletown_al,"	"0.0,1.0,0.0,1.0,0.0,0.8532,0.1101,0.0,0.0367,0.0"
"PineHilltown_al,"	"0.058,0.0,0.0044,0.5833,0.2228,0.9956,0.0054,0.951,0.0136,0.8108,0.1562,0.0,0.0676,0.03"
"PineRidgetown_al,"	"0.004,0.996,0.0,0.9691,0.0,0.8475,0.1243,0.0,0.1017,0.0309"
"PinsonCDP_al,"	"0.016,39583.0,39583.0,0.984,0.0,0.9209,0.0272,0.8779,0.0943,0.0,0.0577,0.0519"
"Pisgahtown_al,"	"0.0,1.0,0.0068,0.9795,0.0068,0.8649,0.0991,0.0,0.0468,0.0068"
"PleasantGrovecity_al,"	"0.0008,52776.0,52776.0,0.9992,0.0,0.9487,0.0149,0.847,0.1161,0.0,0.051,0.0364"
"PleasantGrovestown_al,"	"0.0047,33854.0,33854.0,0.9953,0.0,0.9701,0.0,0.8736,0.069,0.0,0.0776,0.0299"
"PointClearCDP_al,"	"0.0216,37305.0,37305.0,0.9784,0.0127,0.8688,0.0367,0.8606,0.1162,0.0,0.0338,0.0818"
"Pollardtown_al,"	"0.0,1.0,0.0,0.9,0.0,0.8684,0.1316,0.0,0.0395,0.1"
"Powelltown_al,"	"0.0838,0.0,0.0241,0.4171,0.3618,0.9759,0.0,0.8933,0.0267,0.7969,0.2071,0.0,0.0813,0.08"
"Prattvillecity_al,"	"0.0553,0.005,0.0128,45728.0,45728.0,0.5587,0.132,0.9872,0.0079,0.9405,0.0302,0.8703,0.0929,0.0017,0.0683,0.0197"
"Pricevilletown_al,"	"0.0074,51875.0,51875.0,0.9926,0.0,0.9803,0.009,0.8424,0.1264,0.0,0.0509,0.0108"
"Prichardcity_al,"	"0.0432,0.0015,0.0071,19544.0,19544.0,0.5403,0.2748,0.9929,0.0056,0.9411,0.0175,0.775,0.1895,0.0016,0.0626,0.0343"
"Providencetown_al,"	"0.0,1.0,0.0,0.9477,0.0131,0.8074,0.1554,0.0,0.0574,0.0392"
"Raglandtown_al,"	"0.0306,0.0,0.001,30152.0,30152.0,0.5496,0.3038,0.999,0.0,0.9893,0.0067,0.8489,0.1289,0.0,0.0533,0.004"
"RainbowCitycity_al,"	"0.0848,0.0076,0.0217,40216.0,40216.0,0.5128,0.1164,0.9783,0.0028,0.9615,0.0102,0.8399,0.1061,0.0022,0.0885,0.0232"
"Rainsvillecity_al,"	"0.0241,29505.0,29505.0,0.9759,0.0066,0.942,0.0155,0.8341,0.1334,0.0039,0.0634,0.032"
"Ranburnetown_al,"	"0.0,1.0,0.0,0.9497,0.0,0.8737,0.0921,0.0,0.0447,0.0503"
"RedBaycity_al,"	"0.0066,0.9934,0.0,0.978,0.0,0.8021,0.167,0.0,0.0533,0.022"
"RedLeveltown_al,"	"0.0375,0.0,0.0,0.563,0.3164,1.0,0.0,0.9674,0.014,0.8018,0.1526,0.0,0.0774,0.0186"
"RedstoneArsenalCDP_al,"	"0.0533,0.9467,0.0442,0.8092,0.0843,0.927,0.0184,0.0181,0.0789,0.0442"
"ReeceCitytown_al,"	"0.005,37262.0,37262.0,0.995,0.0082,0.959,0.0,0.7902,0.165,0.0,0.0855,0.0328"
"Reformcity_al,"	"0.0398,0.0016,0.004,20625.0,20625.0,0.5085,0.2957,0.996,0.0025,0.9647,0.0063,0.8198,0.1558,0.0,0.0596,0.0265"
"Rehobethtown_al,"	"0.0031,34267.0,34267.0,0.9969,0.0085,0.9547,0.0142,0.8091,0.1175,0.0,0.1055,0.0227"
"Reptontown_al,"	"0.0,22083.0,22083.0,1.0,0.0351,0.9035,0.0614,0.7958,0.178,0.0,0.0366,0.0"
"Ridgevilletown_al,"	"0.0,1.0,0.0,1.0,0.0,0.8177,0.1823,0.0,0.0276,0.0"
"RiverFallstown_al,"	"0.0675,0.0072,0.0202,21838.0,21838.0,0.4988,0.3277,0.9798,0.0,0.9591,0.0,0.8277,0.1471,0.0,0.0357,0.0409"
"Riversidetown_al,"	"0.0019,34813.0,34813.0,0.9981,0.0062,0.9521,0.0077,0.8346,0.1361,0.0,0.0701,0.034"
"Riverviewtown_al,"	"0.0,1.0,0.0,1.0,0.0,0.7353,0.2647,0.0,0.0441,0.0"
"Roanokecity_al,"	"0.041,0.0036,0.018,26946.0,26946.0,0.4474,0.3343,0.982,0.0,0.9523,0.0077,0.8152,0.1512,0.0024,0.0667,0.0376"
"Robertsdalecity_al,"	"0.0358,0.0,0.0128,33194.0,33194.0,0.5852,0.2091,0.9872,0.0,0.9448,0.0203,0.8323,0.1272,0.0,0.0666,0.0349"
"RockCreekCDP_al,"	"0.0,1.0,0.0,0.9423,0.0289,0.8492,0.1185,0.0,0.0476,0.0289"
"RockMillsCDP_al,"	"0.0,1.0,0.0,0.9651,0.0349,0.9314,0.0431,0.0,0.0686,0.0"
"Rockfordtown_al,"	"0.0241,20000.0,20000.0,0.9759,0.0,0.8646,0.0521,0.8127,0.1813,0.0104,0.0393,0.0729"
"Rogersvilletown_al,"	"0.0017,29779.0,29779.0,0.9983,0.0,0.9692,0.0154,0.7944,0.1734,0.0,0.054,0.0154"
"Rosatown_al,"	"0.0,1.0,0.0,0.9298,0.0439,0.7489,0.1617,0.0,0.1149,0.0263"
"Russellvillecity_al,"	"0.0375,0.0052,0.0974,25333.0,25333.0,0.481,0.3252,0.9026,0.0,0.9074,0.0046,0.8115,0.1568,0.0031,0.0575,0.0849"
"Rutledgetown_al,"	"0.0,17500.0,17500.0,1.0,0.0,0.9691,0.0103,0.7962,0.193,0.0,0.0134,0.0206"
"SaksCDP_al,"	"0.0544,0.0065,0.0232,37321.0,37321.0,0.5727,0.2159,0.9768,0.0126,0.9447,0.0215,0.8309,0.13,0.0056,0.0726,0.0155"
"Samsoncity_al,"	"0.0254,0.0,0.0078,18594.0,18594.0,0.4631,0.4004,0.9922,0.0,0.9557,0.014,0.7933,0.1668,0.0,0.0712,0.0303"
"SandRocktown_al,"	"0.0124,35179.0,35179.0,0.9876,0.0107,0.9733,0.0053,0.8315,0.1304,0.0,0.0761,0.0107"
"Sanfordtown_al,"	"0.0,20139.0,20139.0,1.0,0.0,0.952,0.0,0.8142,0.1416,0.0,0.0442,0.048"
"Saralandcity_al,"	"0.0486,0.004,0.017,38318.0,38318.0,0.5924,0.1858,0.983,0.0063,0.9348,0.0284,0.8508,0.1125,0.0,0.0634,0.0305"
"SardisCitytown_al,"	"0.0456,0.002,0.0085,36000.0,36000.0,0.5486,0.2083,0.9915,0.0,0.9602,0.0017,0.8552,0.1157,0.0,0.0608,0.0381"
"Satsumacity_al,"	"0.0038,50496.0,50496.0,0.9962,0.0,0.9469,0.0275,0.8419,0.1316,0.0,0.0512,0.0256"
"Scottsborocity_al,"	"0.0101,32654.0,32654.0,0.9899,0.0014,0.9676,0.0125,0.8414,0.1173,0.0042,0.0709,0.0143"
"Sectiontown_al,"	"0.0027,31500.0,31500.0,0.9973,0.0,0.9938,0.0031,0.8529,0.1242,0.0,0.0703,0.0031"
"Selmacity_al,"	"0.0582,0.0031,0.0087,21261.0,21261.0,0.4841,0.2343,0.9913,0.0049,0.9543,0.0181,0.7936,0.1698,0.0016,0.0623,0.0212"
"Selmont-WestSelmont_al,"	"0.0045,11591.0,11591.0,0.9955,0.007,0.9617,0.0141,0.7344,0.2375,0.0055,0.0694,0.0117"
"Sheffieldcity_al,"	"0.0479,0.0048,0.0122,26673.0,26673.0,0.517,0.2264,0.9878,0.0033,0.9542,0.0119,0.8171,0.1474,0.0012,0.0681,0.0293"
"Shilohtown_al,"	"0.0,34861.0,34861.0,1.0,0.0,1.0,0.0,0.8889,0.0873,0.0,0.0437,0.0"
"Shortertown_al,"	"0.0056,18929.0,18929.0,0.9944,0.0,1.0,0.0,0.8092,0.1625,0.0,0.0424,0.0"
"Silastown_al,"	"0.0654,0.0,0.0033,20882.0,20882.0,0.5864,0.222,0.9967,0.0,1.0,0.0,0.8017,0.1917,0.0,0.037,0.0"
"Silverhilltown_al,"	"0.0348,42083.0,42083.0,0.9652,0.0084,0.9205,0.0209,0.8635,0.0884,0.0,0.0783,0.0502"
"Sipseytown_al,"	"0.0033,23000.0,23000.0,0.9967,0.0,0.9444,0.0303,0.7243,0.2477,0.0,0.0701,0.0253"
"Skylinetown_al,"	"0.0037,0.9963,0.0,0.9871,0.0032,0.8333,0.1451,0.0,0.0509,0.0097"
"Slocombcity_al,"	"0.0588,0.0007,0.01,22113.0,22113.0,0.5417,0.2835,0.99,0.0025,0.9494,0.0197,0.8073,0.1607,0.0,0.0576,0.0284"
"SmithsCDP_al,"	"0.0777,0.0024,0.0122,43977.0,43977.0,0.5894,0.1586,0.9878,0.0017,0.9226,0.0259,0.8885,0.079,0.0022,0.0573,0.0476"
"SmokeRiseCDP_al,"	"0.0134,0.9866,0.0,0.9819,0.0,0.8539,0.0986,0.0,0.0645,0.0181"
"Sneadtown_al,"	"0.0096,0.9904,0.006,0.9343,0.0418,0.797,0.193,0.0,0.0266,0.0179"
"Somervilletown_al,"	"0.0087,26250.0,26250.0,0.9913,0.0074,0.9259,0.0296,0.8538,0.1154,0.0,0.0692,0.037"
"SouthVinemonttown_al,"	"0.046,26806.0,26806.0,0.954,0.0,0.9389,0.0,0.8232,0.142,0.0,0.058,0.0611"
"Southsidecity_al,"	"0.0086,52464.0,52464.0,0.9914,0.0045,0.9737,0.0094,0.8518,0.0973,0.0,0.063,0.0124"
"SpanishFortcity_al,"	"0.0655,0.0251,0.0276,56699.0,56699.0,0.4624,0.0586,0.9724,0.012,0.9018,0.0311,0.8487,0.1179,0.0,0.0669,0.0551"
"Springvilletown_al,"	"0.0085,0.9915,0.0068,0.9678,0.0,0.8596,0.1041,0.0,0.0702,0.0254"
"St.Floriantown_al,"	"0.0431,46250.0,46250.0,0.9569,0.0256,0.9402,0.0,0.8221,0.1344,0.0256,0.0553,0.0085"
"Steeletown_al,"	"0.0211,32941.0,32941.0,0.9789,0.0,0.9436,0.0074,0.8505,0.1234,0.0,0.0474,0.049"
"Stevensoncity_al,"	"0.0093,26908.0,26908.0,0.9907,0.0038,0.9636,0.0125,0.8043,0.1668,0.0,0.0544,0.0201"
"Sulligentcity_al,"	"0.0436,0.0,0.0075,26541.0,26541.0,0.4965,0.3601,0.9925,0.0,0.9645,0.0046,0.8111,0.1506,0.0,0.061,0.0309"
"Sumitoncity_al,"	"0.0379,0.0011,0.0035,26364.0,26364.0,0.5359,0.2762,0.9965,0.0,0.9574,0.0048,0.7981,0.1784,0.0048,0.0552,0.0329"
"Summerdaletown_al,"	"0.0,1.0,0.0,0.9577,0.0154,0.8067,0.145,0.0,0.0714,0.0269"
"SusanMooretown_al,"	"0.0692,0.0042,0.0244,0.543,0.218,0.9756,0.0,0.9532,0.0,0.8232,0.1296,0.0,0.0859,0.0468"
"SweetWatertown_al,"	"0.0,1.0,0.0,1.0,0.0,0.8517,0.1675,0.0,0.0096,0.0"
"Sylacaugacity_al,"	"0.0099,29533.0,29533.0,0.9901,0.0058,0.9451,0.0172,0.8078,0.1502,0.001,0.0742,0.0309"
"SylvanSpringstown_al,"	"0.0,42692.0,42692.0,1.0,0.0,0.9273,0.0294,0.8416,0.123,0.0,0.0587,0.0433"
"Sylvaniatown_al,"	"0.0017,28553.0,28553.0,0.9983,0.0,0.9714,0.0061,0.8425,0.1395,0.0041,0.0412,0.0184"
"TalladegaSpringsto_al,"	"0.0,1.0,0.0,0.9138,0.0,0.8875,0.1125,0.0,0.0625,0.0862"
"Talladegacity_al,"	"0.0375,0.0047,0.0052,29617.0,29617.0,0.4983,0.2798,0.9948,0.0082,0.9543,0.0127,0.8083,0.1503,0.0017,0.068,0.0231"
"Tallasseecity_al,"	"0.0097,23946.0,23946.0,0.9903,0.0073,0.9523,0.0,0.8104,0.1522,0.0,0.0593,0.0405"
"Tarrantcity_al,"	"0.0105,29380.0,29380.0,0.9895,0.0,0.9502,0.0051,0.8149,0.1477,0.0,0.0578,0.0446"
"Taylortown_al,"	"0.0118,40664.0,40664.0,0.9882,0.0131,0.9071,0.0145,0.871,0.0983,0.0,0.0538,0.0653"
"TheodoreCDP_al,"	"0.0464,0.0036,0.01,33750.0,33750.0,0.5671,0.2464,0.99,0.0069,0.9552,0.0179,0.8257,0.1509,0.0,0.0489,0.02"
"Thomastontown_al,"	"0.0,1.0,0.0,0.9045,0.0191,0.8267,0.1533,0.0,0.06,0.0764"
"Thomasvillecity_al,"	"0.0085,0.9915,0.0034,0.9699,0.004,0.7764,0.1859,0.0,0.0656,0.0227"
"Thorsbytown_al,"	"0.0557,0.0017,0.0252,0.5322,0.2157,0.9748,0.0,0.9515,0.0117,0.8857,0.0907,0.0,0.0465,0.0367"
"TillmansCornerCDP_al,"	"0.048,0.0008,0.0104,34309.0,34309.0,0.6068,0.2089,0.9896,0.0107,0.9344,0.0211,0.8463,0.1161,0.0,0.0615,0.0337"
"TownCreektown_al,"	"0.0211,24583.0,24583.0,0.9789,0.0,0.9377,0.0189,0.8548,0.1266,0.0,0.0491,0.0434"
"Toxeytown_al,"	"0.0,1.0,0.0,0.9643,0.0,0.8602,0.1398,0.0,0.0,0.0357"
"Traffordtown_al,"	"0.0,23611.0,23611.0,1.0,0.0,0.9241,0.0134,0.8368,0.1402,0.0,0.0299,0.0625"
"Trianatown_al,"	"0.0,26250.0,26250.0,1.0,0.0,0.9595,0.0,0.8423,0.119,0.0,0.0476,0.0405"
"Trinitytown_al,"	"0.007,54271.0,54271.0,0.993,0.003,0.9475,0.0075,0.8797,0.0859,0.0,0.0584,0.042"
"Troycity_al,"	"0.0277,25352.0,25352.0,0.9723,0.0124,0.9299,0.0171,0.804,0.1244,0.0054,0.1135,0.0352"
"Trussvillecity_al,"	"0.0117,66943.0,66943.0,0.9883,0.0051,0.9627,0.014,0.8728,0.0838,0.0,0.0644,0.0182"
"Tuscaloosacity_al,"	"0.0484,0.0259,0.0251,27731.0,27731.0,0.4302,0.1699,0.9749,0.0118,0.9298,0.0224,0.7896,0.1302,0.0032,0.1153,0.0328"
"Tuscumbiacity_al,"	"0.0101,27793.0,27793.0,0.9899,0.0083,0.9516,0.0094,0.8141,0.1479,0.0,0.0718,0.0306"
"Tuskegeecity_al,"	"0.0653,0.0149,0.0238,18889.0,18889.0,0.4102,0.1891,0.9762,0.0064,0.9375,0.0142,0.7329,0.1923,0.0039,0.1253,0.0381"
"Underwood-Petersvill_al,"	"0.0064,37159.0,37159.0,0.9936,0.0,0.9398,0.023,0.8421,0.1124,0.0,0.0789,0.0372"
"UnionGrovetown_al,"	"0.0,1.0,0.0,0.9286,0.0714,0.875,0.0714,0.0,0.0536,0.0"
"UnionSpringscity_al,"	"0.067,18520.0,18520.0,0.933,0.0,0.9173,0.0056,0.8078,0.1688,0.0,0.0452,0.0771"
"Uniontown_al,"	"0.0,0.0,0.0,22031.0,22031.0,0.6371,0.2339,1.0,0.037,0.963,0.0,0.8113,0.1321,0.0,0.0818,0.0"
"Uniontowncity_al,"	"0.0406,0.0036,0.0037,12386.0,12386.0,0.3919,0.3775,0.9963,0.0081,0.9533,0.0064,0.7948,0.1846,0.0,0.0497,0.0322"
"ValleyHeadtown_al,"	"0.0292,29013.0,29013.0,0.9708,0.0,0.8685,0.0239,0.8344,0.0879,0.0,0.0961,0.1076"
"Valleycity_al,"	"0.053,0.0024,0.0089,31395.0,31395.0,0.5226,0.2987,0.9911,0.0013,0.9525,0.0224,0.8396,0.1264,0.0021,0.0553,0.0216"
"Vancetown_al,"	"0.0104,0.9896,0.0208,0.9479,0.0,0.8039,0.1324,0.0,0.1078,0.0312"
"Vernoncity_al,"	"0.0128,0.9872,0.0,0.9796,0.0043,0.8219,0.1381,0.0,0.0727,0.0161"
"VestaviaHillscity_al,"	"0.0418,70623.0,70623.0,0.9582,0.0134,0.9178,0.0385,0.862,0.0977,0.0046,0.0689,0.0256"
"Vinatown_al,"	"0.0,1.0,0.0,0.9781,0.0,0.7992,0.1892,0.0,0.027,0.0219"
"Vincenttown_al,"	"0.0038,35045.0,35045.0,0.9962,0.0027,0.9619,0.0041,0.8346,0.1405,0.0,0.0397,0.0313"
"Vredenburghtown_al,"	"0.0,1.0,0.0,0.961,0.026,0.8712,0.1159,0.0,0.0515,0.013"
"Wadleytown_al,"	"0.0124,17500.0,17500.0,0.9876,0.0179,0.9643,0.0,0.7315,0.2405,0.0,0.0481,0.0179"
"Waldotown_al,"	"0.0,0.0187,0.0,26563.0,26563.0,0.5062,0.375,1.0,0.0,0.9368,0.0632,0.802,0.1827,0.0,0.0203,0.0"
"WalnutGrovetown_al,"	"0.0,26688.0,26688.0,1.0,0.0,0.9608,0.0196,0.8226,0.1735,0.0,0.0507,0.0196"
"Warriorcity_al,"	"0.0,28143.0,28143.0,1.0,0.009,0.9368,0.0218,0.809,0.1637,0.0,0.0542,0.0323"
"Waterlootown_al,"	"0.0205,25536.0,25536.0,0.9795,0.0,0.8442,0.0649,0.7083,0.2262,0.0,0.0893,0.0909"
"Waverlytown_al,"	"0.0,1.0,0.0,1.0,0.0,0.8403,0.1458,0.0,0.0625,0.0"
"Weavercity_al,"	"0.0269,36573.0,36573.0,0.9731,0.0245,0.8854,0.048,0.8408,0.1111,0.0,0.0801,0.0421"
"Webbtown_al,"	"0.0,31364.0,31364.0,1.0,0.0,0.9573,0.0102,0.8719,0.0961,0.0,0.0631,0.0325"
"Wedoweetown_al,"	"0.0385,0.0328,0.0049,26136.0,26136.0,0.4027,0.3121,0.9951,0.0068,0.9291,0.0169,0.7297,0.2516,0.0,0.0625,0.0473"
"WestBloctontown_al,"	"0.0605,0.0,0.0,0.5752,0.2805,1.0,0.0,0.9753,0.0053,0.8099,0.1662,0.0035,0.038,0.0159"
"WestEnd-CobbTownC_al,"	"0.0093,22418.0,22418.0,0.9907,0.0044,0.9644,0.0075,0.7713,0.2047,0.0037,0.0495,0.02"
"WestJeffersontown_al,"	"0.0057,47813.0,47813.0,0.9943,0.0,0.9704,0.0296,0.8367,0.1327,0.0,0.0782,0.0"
"WestPointtown_al,"	"0.0,1.0,0.0,0.9573,0.0171,0.8444,0.1401,0.0,0.0545,0.0256"
"Wetumpkacity_al,"	"0.0063,35536.0,35536.0,0.9937,0.006,0.9429,0.0159,0.8755,0.1023,0.0,0.0641,0.0351"
"WhiteHalltown_al,"	"0.0,18158.0,18158.0,1.0,0.0,0.9765,0.0,0.7942,0.1742,0.0,0.0631,0.0235"
"Wilsonvilletown_al,"	"0.0514,0.0018,0.0073,42105.0,42105.0,0.5835,0.1936,0.9927,0.0,0.9752,0.0066,0.8161,0.1417,0.0,0.0655,0.0182"
"Wiltontown_al,"	"0.0188,0.0,0.0315,33750.0,33750.0,0.6317,0.1909,0.9685,0.0046,0.9259,0.0231,0.8319,0.1447,0.0,0.0383,0.0463"
"Winfieldcity_al,"	"0.0037,31317.0,31317.0,0.9963,0.0016,0.9864,0.0,0.8093,0.1548,0.0,0.061,0.012"
"Woodlandtown_al,"	"0.0,1.0,0.0,1.0,0.0,0.8418,0.1329,0.0,0.0633,0.0"
"Woodvilletown_al,"	"0.0367,0.0061,0.008,35000.0,35000.0,0.5906,0.2363,0.992,0.0069,0.9724,0.0138,0.8266,0.1243,0.0,0.0876,0.0069"
"YellowBlufftown_al,"	"0.0,1.0,0.0,0.973,0.0,0.7071,0.2929,0.0,0.0143,0.027"
"Yorkcity_al,"	"0.0088,19153.0,19153.0,0.9912,0.0048,0.9487,0.0209,0.775,0.1982,0.0,0.0522,0.0257"
