"place,population,foreign,native,hh_income,pct_english,pct_asian_lang,pct_spanish,pct_euro,pct_asian,pct_white,pct_black,pct_other,pct_hispanic,pct_full_time,pct_no_work,pct_part_time,pct_urban"
"Abbevillecity_al,"	"2987.0,0.0203,0.9797,23266.0,0.9628,0.0,0.0289,0.0083,0.0007,0.5665,0.3994,0.0,0.0352,0.4552,0.4633,0.0815,0.0"
"Adamsvillecity_al,"	"4965.0,0.0054,0.9946,39563.0,0.9563,0.0032,0.0227,0.0179,0.0014,0.7579,0.2282,0.0,0.0052,0.563,0.3322,0.1048,0.0"
"Addisontown_al,"	"723.0,0.0042,0.9958,22235.0,0.9867,0.0,0.0133,0.0,0.0014,0.9945,0.0014,0.0,0.0014,0.4868,0.3831,0.1301,0.0"
"Akrontown_al,"	"521.0,0.0,1.0,19875.0,0.9956,0.0,0.0,0.0044,0.0,0.1785,0.81,0.0,0.0154,0.4531,0.4661,0.0807,0.0"
"Alabastercity_al,"	"22619.0,0.0222,0.9778,58379.0,0.9333,0.0,0.0434,0.0224,0.0064,0.8771,0.0995,0.001,0.0154,0.6616,0.2256,0.1128,0.0"
"Albertvillecity_al,"	"17247.0,0.1223,0.8777,31893.0,0.8874,0.0017,0.0955,0.0155,0.0026,0.8615,0.0205,0.0,0.1608,0.5347,0.3631,0.1022,0.0"
"AlexanderCitycity_al,"	"15008.0,0.0064,0.9936,29309.0,0.9454,0.0076,0.0357,0.0099,0.0028,0.7056,0.2837,0.0015,0.0045,0.5107,0.3928,0.0965,0.0"
"AlexandriaCDP_al,"	"3692.0,0.0143,0.9857,missing,0.9701,0.0,0.005,0.0249,0.006,0.8843,0.0975,0.0,0.0065,0.599,0.2835,0.1175,0.0"
"Alicevillecity_al,"	"2567.0,0.0048,0.9952,17092.0,0.9886,0.0031,0.0,0.0083,0.0031,0.3229,0.6654,0.0,0.0039,0.3574,0.5369,0.1056,0.0"
"Allgoodtown_al,"	"629.0,0.2405,0.7595,29583.0,0.6798,0.0,0.309,0.0,0.0,0.8394,0.0032,0.0112,0.434,0.5742,0.299,0.1268,0.0"
"Altoonatown_al,"	"984.0,0.0328,0.9672,20469.0,0.9536,0.0052,0.0284,0.0129,0.0,0.9543,0.0254,0.0,0.0254,0.3696,0.5165,0.1139,0.0"
"Andalusiacity_al,"	"8794.0,0.0031,0.9969,26856.0,0.9637,0.0027,0.0259,0.0076,0.0027,0.7393,0.2447,0.0,0.0078,0.4778,0.4155,0.1067,0.0"
"Andersontown_al,"	"354.0,0.0,1.0,missing,0.9933,0.0,0.0067,0.0,0.0,0.9915,0.0,0.0,0.0,0.4157,0.4757,0.1086,0.0"
"Annistoncity_al,"	"24276.0,0.0224,0.9776,27385.0,0.9424,0.0076,0.0283,0.0201,0.0078,0.4871,0.4869,0.0016,0.0168,0.4699,0.4215,0.1086,0.0"
"Arabcity_al,"	"7174.0,0.011,0.989,36716.0,0.9717,0.0,0.0195,0.0088,0.0039,0.9829,0.0018,0.0,0.0066,0.5388,0.3657,0.0956,0.0"
"Ardmoretown_al,"	"1034.0,0.0165,0.9835,28352.0,0.9529,0.0043,0.0236,0.0193,0.0077,0.9623,0.0087,0.0,0.0174,0.5301,0.3727,0.0972,0.0"
"Argotown_al,"	"1780.0,0.0022,0.9978,41167.0,0.9736,0.0,0.0186,0.0078,0.0006,0.9882,0.0017,0.0,0.0073,0.602,0.2929,0.1051,0.0"
"Aritontown_al,"	"772.0,0.0,1.0,21083.0,0.9842,0.0,0.0,0.0158,0.0,0.693,0.2927,0.0,0.0078,0.433,0.4902,0.0768,0.0"
"Arleytown_al,"	"290.0,0.0,1.0,missing,0.9524,0.0,0.0476,0.0,0.0,0.9931,0.0,0.0,0.0138,0.5036,0.3942,0.1022,0.0"
"Ashfordcity_al,"	"1853.0,0.0047,0.9953,29444.0,0.9749,0.0028,0.0111,0.0084,0.0005,0.7145,0.2752,0.0028,0.0151,0.4801,0.3985,0.1214,0.0"
"Ashlandcity_al,"	"1965.0,0.0063,0.9937,23469.0,0.9733,0.0,0.0182,0.0085,0.001,0.7374,0.2529,0.0,0.027,0.4202,0.5082,0.0716,0.0"
"Ashvilletown_al,"	"2260.0,0.0069,0.9931,31509.0,0.9449,0.0012,0.0311,0.0228,0.0018,0.6942,0.2655,0.0,0.0288,0.4857,0.4248,0.0895,0.0"
"Athenscity_al,"	"18967.0,0.0297,0.9703,33980.0,0.9271,0.0021,0.0506,0.0194,0.0071,0.7772,0.1826,0.0009,0.0486,0.525,0.3667,0.1083,0.0"
"Atmorecity_al,"	"7676.0,0.0079,0.9921,22867.0,0.9635,0.0019,0.0218,0.0084,0.0047,0.4948,0.4631,0.0044,0.0073,0.481,0.4216,0.0974,0.0"
"Attallacity_al,"	"6592.0,0.0136,0.9864,27444.0,0.964,0.0019,0.0342,0.0,0.0018,0.8394,0.1323,0.0,0.0249,0.4779,0.4051,0.117,0.0"
"Auburncity_al,"	"42987.0,0.0491,0.9509,17206.0,0.8896,0.0316,0.0404,0.031,0.0331,0.7805,0.1679,0.0075,0.0155,0.436,0.2385,0.3255,0.0"
"Autaugavilletown_al,"	"820.0,0.0026,0.9974,missing,0.9928,0.0,0.0072,0.0,0.0,0.3232,0.6598,0.0,0.0098,0.4606,0.4239,0.1156,0.0"
"Avontown_al,"	"466.0,0.0047,0.9953,37679.0,0.9834,0.0,0.0166,0.0,0.0,0.9442,0.0429,0.0,0.0043,0.6271,0.2768,0.096,0.0"
"Babbietown_al,"	"627.0,0.0,1.0,missing,0.9849,0.0,0.0,0.0151,0.0032,0.9888,0.0016,0.0,0.0,0.5304,0.3826,0.087,0.0"
"Baileytontown_al,"	"684.0,0.0029,0.9971,31000.0,0.9783,0.0109,0.0109,0.0,0.0015,0.9956,0.0,0.0,0.0,0.5513,0.3308,0.118,0.0"
"Bankstown_al,"	"224.0,0.0,1.0,missing,0.945,0.0,0.0275,0.0275,0.0,0.8482,0.1027,0.0,0.0089,0.4574,0.4255,0.117,0.0"
"BayMinettecity_al,"	"7820.0,0.0095,0.9905,27226.0,0.9527,0.0077,0.0264,0.0132,0.0043,0.6432,0.3347,0.0,0.0102,0.5012,0.4003,0.0984,0.0"
"BayouLaBatrecity_al,"	"2313.0,0.1682,0.8318,24539.0,0.7325,0.2095,0.0277,0.0303,0.3329,0.5244,0.1025,0.0,0.019,0.4461,0.4133,0.1405,0.0"
"BearCreektown_al,"	"1053.0,0.0038,0.9962,27813.0,0.9742,0.0,0.0188,0.0,0.0,0.9915,0.0009,0.007,0.0009,0.5542,0.3602,0.0855,0.0"
"Beatricetown_al,"	"412.0,0.0,1.0,missing,0.9384,0.0,0.0479,0.0137,0.0,0.2694,0.7257,0.0,0.0049,0.2692,0.641,0.0897,0.0"
"Beavertontown_al,"	"226.0,0.036,0.964,20250.0,0.9684,0.0,0.0316,0.0,0.0,0.9558,0.031,0.0,0.0,0.4176,0.478,0.1044,0.0"
"Belktown_al,"	"214.0,0.0,1.0,32188.0,1.0,0.0,0.0,0.0,0.0,0.972,0.0093,0.0,0.014,0.6292,0.2921,0.0787,0.0"
"Bentontown_al,"	"47.0,0.0,1.0,missing,1.0,0.0,0.0,0.0,0.0,0.766,0.234,0.0,0.0,0.6538,0.2692,0.0769,0.0"
"Berrytown_al,"	"1238.0,0.0016,0.9984,20214.0,0.9903,0.0,0.0058,0.0039,0.0,0.9144,0.0638,0.0,0.017,0.465,0.4607,0.0743,0.0"
"Bessemercity_al,"	"29672.0,0.0089,0.9911,23066.0,0.963,0.0012,0.0179,0.0148,0.0018,0.2893,0.6955,0.0031,0.0114,0.4344,0.4538,0.1118,0.0"
"Billingsleytown_al,"	"116.0,0.0,1.0,missing,1.0,0.0,0.0,0.0,0.0,0.9052,0.0603,0.0,0.0,0.5699,0.3656,0.0645,0.0"
"Birminghamcity_al,"	"242820.0,0.0211,0.9789,26735.0,0.9304,0.0072,0.0384,0.0191,0.008,0.2407,0.7346,0.0049,0.0155,0.5094,0.3696,0.121,0.0"
"Blacktown_al,"	"202.0,0.0,1.0,missing,0.9634,0.0,0.0,0.0366,0.0,0.9406,0.0545,0.0,0.0,0.5843,0.3373,0.0783,0.0"
"Blountsvilletown_al,"	"1768.0,0.0961,0.9039,24432.0,0.8698,0.0,0.1181,0.0121,0.0028,0.8954,0.0,0.0,0.1618,0.5102,0.3868,0.103,0.0"
"BlueMountaintown_al,"	"233.0,0.1168,0.8832,missing,0.898,0.0,0.0816,0.0204,0.0086,0.7682,0.1459,0.0,0.0601,0.436,0.5,0.064,0.0"
"BlueRidgeCDP_al,"	"1331.0,0.0109,0.9891,missing,0.9379,0.0,0.0393,0.0228,0.003,0.9579,0.0308,0.0,0.0053,0.5665,0.2457,0.1879,0.0"
"BlueSpringstown_al,"	"121.0,0.0,1.0,missing,1.0,0.0,0.0,0.0,0.0,0.9917,0.0083,0.0,0.0,0.7297,0.1757,0.0946,0.0"
"Boazcity_al,"	"7411.0,0.0403,0.9597,25699.0,0.9322,0.004,0.0543,0.0071,0.0045,0.935,0.0131,0.0025,0.0498,0.4632,0.4326,0.1041,0.0"
"Boligeetown_al,"	"369.0,0.0,1.0,15000.0,1.0,0.0,0.0,0.0,0.0,0.1057,0.8889,0.0,0.019,0.3241,0.4901,0.1858,0.0"
"BonAirtown_al,"	"96.0,0.0161,0.9839,missing,0.8649,0.0,0.0811,0.0541,0.0,0.9375,0.0625,0.0,0.0,0.3727,0.4636,0.1636,0.0"
"Branchvilletown_al,"	"825.0,0.0036,0.9964,40438.0,0.9621,0.0,0.0175,0.0204,0.0,0.9709,0.0036,0.0,0.0194,0.5307,0.3598,0.1094,0.0"
"Brantleytown_al,"	"920.0,0.0022,0.9978,21574.0,0.9767,0.0,0.0207,0.0026,0.0,0.5935,0.4022,0.0,0.0011,0.4451,0.4339,0.121,0.0"
"Brentcity_al,"	"4024.0,0.0035,0.9965,21287.0,0.954,0.0,0.0261,0.009,0.002,0.4893,0.5002,0.0108,0.0097,0.3598,0.5208,0.1194,0.0"
"Brewtoncity_al,"	"5498.0,0.0035,0.9965,34234.0,0.9771,0.0031,0.0148,0.0049,0.0049,0.576,0.4023,0.0,0.0111,0.5087,0.3837,0.1076,0.0"
"Bridgeportcity_al,"	"2728.0,0.0088,0.9912,28981.0,0.958,0.0,0.03,0.012,0.0011,0.8776,0.0803,0.0,0.0132,0.5635,0.3526,0.0839,0.0"
"Brightoncity_al,"	"3640.0,0.0,1.0,21364.0,0.9228,0.0,0.0467,0.0245,0.0003,0.0901,0.8912,0.0059,0.0173,0.4192,0.5131,0.0677,0.0"
"Brillianttown_al,"	"762.0,0.0,1.0,18224.0,0.9912,0.0,0.0088,0.0,0.0,0.9961,0.0,0.0,0.0066,0.4,0.4813,0.1187,0.0"
"Brooksidetown_al,"	"1393.0,0.0043,0.9957,29792.0,0.9904,0.0,0.0019,0.0076,0.0,0.9052,0.0869,0.0,0.0093,0.5116,0.383,0.1055,0.0"
"Brookwoodtown_al,"	"1483.0,0.0028,0.9972,missing,0.9799,0.0,0.0092,0.011,0.0013,0.9791,0.0054,0.0,0.0034,0.5252,0.3419,0.1329,0.0"
"Brundidgecity_al,"	"2341.0,0.0013,0.9987,16774.0,0.963,0.0039,0.0214,0.0117,0.0026,0.334,0.6352,0.0,0.0081,0.4346,0.4924,0.073,0.0"
"Butlercity_al,"	"1952.0,0.0093,0.9907,35302.0,0.9435,0.0026,0.0329,0.021,0.0,0.8156,0.1788,0.0,0.0061,0.4509,0.4655,0.0836,0.0"
"BynumCDP_al,"	"1863.0,0.0039,0.9961,34375.0,0.9876,0.0,0.0,0.0124,0.0016,0.8696,0.0998,0.0,0.014,0.548,0.3275,0.1245,0.0"
"CahabaHeightsCDP_al,"	"5203.0,0.0248,0.9752,48250.0,0.9411,0.0036,0.0219,0.0334,0.0144,0.9594,0.0117,0.0,0.0075,0.6728,0.2432,0.084,0.0"
"Caleracity_al,"	"3158.0,0.0,1.0,35650.0,0.9374,0.0,0.0459,0.0167,0.0054,0.7742,0.1992,0.0,0.019,0.5334,0.3537,0.113,0.0"
"Camdentown_al,"	"2257.0,0.0065,0.9935,25750.0,0.9373,0.0,0.0509,0.0118,0.0,0.4528,0.5423,0.0,0.0053,0.3689,0.5175,0.1137,0.0"
"CampHilltown_al,"	"1273.0,0.0103,0.9897,20655.0,0.953,0.0102,0.0307,0.0061,0.0,0.1438,0.8492,0.0,0.0102,0.5,0.3935,0.1065,0.0"
"CarbonHillcity_al,"	"2071.0,0.0,1.0,20861.0,0.9653,0.0,0.0185,0.0162,0.0,0.8943,0.0874,0.0,0.0101,0.4116,0.4896,0.0988,0.0"
"Cardifftown_al,"	"82.0,0.0,1.0,missing,1.0,0.0,0.0,0.0,0.0,0.939,0.061,0.0,0.0,0.4545,0.3636,0.1818,0.0"
"Carolinatown_al,"	"248.0,0.0,1.0,missing,1.0,0.0,0.0,0.0,0.0,0.996,0.004,0.0,0.004,0.5284,0.3693,0.1023,0.0"
"Carrolltontown_al,"	"987.0,0.0039,0.9961,24318.0,0.9725,0.01,0.01,0.0075,0.001,0.5339,0.4458,0.0,0.0041,0.4537,0.4802,0.0661,0.0"
"Castleberrytown_al,"	"590.0,0.0,1.0,21204.0,0.9789,0.0,0.0106,0.0106,0.0,0.6322,0.3559,0.0,0.0,0.4515,0.4792,0.0693,0.0"
"CedarBlufftown_al,"	"1467.0,0.0083,0.9917,29211.0,0.9595,0.0032,0.0291,0.0081,0.002,0.8718,0.1138,0.0,0.0089,0.4908,0.3975,0.1117,0.0"
"CenterPointCDP_al,"	"22784.0,0.0266,0.9734,40929.0,0.9302,0.0093,0.038,0.0184,0.0055,0.729,0.2423,0.0041,0.0223,0.605,0.2868,0.1082,0.0"
"Centrecity_al,"	"3216.0,0.0194,0.9806,24000.0,0.9577,0.0059,0.0208,0.0156,0.0012,0.879,0.1001,0.0,0.0096,0.3848,0.5051,0.1101,0.0"
"Centrevillecity_al,"	"2466.0,0.008,0.992,31842.0,0.9729,0.0,0.0271,0.0,0.0012,0.7595,0.2303,0.0,0.0174,0.4525,0.4333,0.1142,0.0"
"ChalkvilleCDP_al,"	"3829.0,0.0031,0.9969,missing,0.9605,0.0,0.0198,0.015,0.0047,0.9632,0.0232,0.0047,0.0057,0.6522,0.2284,0.1193,0.0"
"Chatomtown_al,"	"1193.0,0.0026,0.9974,31319.0,0.9704,0.0,0.0251,0.0046,0.0,0.6723,0.321,0.0,0.005,0.4478,0.4544,0.0978,0.0"
"Chelseatown_al,"	"2949.0,0.0074,0.9926,67083.0,0.9354,0.0,0.0308,0.0338,0.0017,0.9678,0.0078,0.0,0.0081,0.6513,0.2423,0.1063,0.0"
"Cherokeetown_al,"	"1237.0,0.0056,0.9944,24597.0,0.9797,0.0,0.0183,0.002,0.0,0.7833,0.2021,0.0,0.0049,0.4615,0.4734,0.0651,0.0"
"Chickasawcity_al,"	"6364.0,0.0092,0.9908,27036.0,0.9526,0.0058,0.0224,0.0192,0.0024,0.8889,0.0812,0.0,0.0115,0.4431,0.4446,0.1123,0.0"
"Childersburgcity_al,"	"4927.0,0.0086,0.9914,23932.0,0.9734,0.0079,0.0049,0.0128,0.0006,0.6887,0.2973,0.001,0.0061,0.4811,0.4144,0.1045,0.0"
"Citronellecity_al,"	"3659.0,0.002,0.998,31739.0,0.952,0.0,0.0213,0.0267,0.0014,0.7696,0.1861,0.0,0.0082,0.4765,0.3935,0.13,0.0"
"Clantoncity_al,"	"7800.0,0.0164,0.9836,30394.0,0.9516,0.0019,0.0266,0.0199,0.0033,0.7731,0.2001,0.0,0.0264,0.4585,0.4477,0.0938,0.0"
"ClayCDP_al,"	"4947.0,0.0119,0.9881,missing,0.9635,0.0044,0.0258,0.0063,0.004,0.9796,0.0071,0.0,0.004,0.648,0.2038,0.1483,0.0"
"Clayhatcheetown_al,"	"501.0,0.027,0.973,30156.0,0.9581,0.0209,0.0,0.0209,0.008,0.9242,0.0419,0.0,0.018,0.4701,0.4348,0.0951,0.0"
"Claytontown_al,"	"1475.0,0.0067,0.9933,18750.0,0.9637,0.0,0.0277,0.0069,0.0,0.3485,0.6393,0.0017,0.0136,0.4122,0.5061,0.0817,0.0"
"Clevelandtown_al,"	"1241.0,0.1036,0.8964,37037.0,0.8381,0.0,0.1619,0.0,0.0,0.9452,0.0008,0.0,0.1579,0.6066,0.2932,0.1002,0.0"
"Cliotown_al,"	"2206.0,0.059,0.941,17417.0,0.9332,0.0051,0.0566,0.0051,0.0032,0.3731,0.5721,0.0,0.0331,0.2374,0.7256,0.037,0.0"
"Coalingcity_al,"	"1115.0,0.0,1.0,missing,0.979,0.0,0.021,0.0,0.0,0.9004,0.0861,0.0,0.009,0.7335,0.1938,0.0727,0.0"
"CoffeeSpringstown_al,"	"251.0,0.0071,0.9929,missing,0.9675,0.0,0.0163,0.0163,0.0,0.9323,0.0398,0.0,0.0,0.3966,0.5388,0.0647,0.0"
"Coffeevilletown_al,"	"360.0,0.0,1.0,19545.0,0.9702,0.0,0.0179,0.0119,0.0,0.6111,0.3889,0.0,0.0,0.4224,0.4585,0.1191,0.0"
"Cokertown_al,"	"808.0,0.0,1.0,41184.0,0.9203,0.0,0.0543,0.0254,0.0087,0.9616,0.0198,0.0,0.0012,0.5781,0.3576,0.0642,0.0"
"Collinsvilletown_al,"	"1644.0,0.1629,0.8371,21964.0,0.801,0.0,0.1885,0.0052,0.0085,0.6332,0.1618,0.0052,0.2348,0.4763,0.4359,0.0878,0.0"
"Colonytown_al,"	"385.0,0.0,1.0,32708.0,0.9419,0.0,0.0387,0.0194,0.0,0.0571,0.9351,0.0,0.0078,0.6037,0.311,0.0854,0.0"
"Columbianacity_al,"	"3316.0,0.0137,0.9863,34034.0,0.9502,0.0031,0.0358,0.0109,0.0015,0.7859,0.196,0.0,0.0199,0.5238,0.3737,0.1025,0.0"
"Columbiatown_al,"	"804.0,0.0172,0.9828,27500.0,0.9591,0.0,0.0117,0.0292,0.0,0.7438,0.245,0.0,0.005,0.5246,0.3883,0.0872,0.0"
"ConcordCDP_al,"	"1809.0,0.0,1.0,missing,0.9674,0.0,0.0326,0.0,0.0022,0.9834,0.0028,0.0,0.0028,0.578,0.3202,0.1017,0.0"
"Coosadatown_al,"	"1382.0,0.012,0.988,39405.0,0.9698,0.0,0.0259,0.0043,0.0014,0.5608,0.4255,0.0,0.0065,0.562,0.311,0.127,0.0"
"Cordovacity_al,"	"2423.0,0.014,0.986,17389.0,0.9491,0.0,0.0302,0.0207,0.0004,0.856,0.1325,0.0,0.0091,0.3488,0.5611,0.0901,0.0"
"Cottonwoodtown_al,"	"1170.0,0.0095,0.9905,21452.0,0.9433,0.0,0.0486,0.0081,0.0,0.6906,0.2906,0.0,0.0197,0.5253,0.3863,0.0883,0.0"
"CountyLinetown_al,"	"257.0,0.0,1.0,missing,0.9605,0.0,0.0395,0.0,0.0,0.9572,0.0272,0.0,0.0117,0.5943,0.3314,0.0743,0.0"
"Courtlandtown_al,"	"769.0,0.0051,0.9949,27500.0,0.9416,0.0,0.0357,0.0227,0.0026,0.5423,0.4044,0.0,0.0091,0.5306,0.387,0.0823,0.0"
"Cowartstown_al,"	"1546.0,0.0077,0.9923,36688.0,0.9444,0.0,0.0477,0.0079,0.0039,0.8493,0.1235,0.0,0.0052,0.6189,0.2484,0.1327,0.0"
"Creolatown_al,"	"2002.0,0.001,0.999,missing,0.9472,0.0,0.0306,0.0181,0.001,0.8636,0.0989,0.0042,0.0065,0.5543,0.3363,0.1094,0.0"
"Crossvilletown_al,"	"1431.0,0.0074,0.9926,31394.0,0.9882,0.0039,0.0059,0.002,0.0014,0.9769,0.0007,0.0,0.0224,0.522,0.391,0.087,0.0"
"Cubatown_al,"	"363.0,0.0048,0.9952,50795.0,0.9415,0.0,0.0117,0.0468,0.0,0.9174,0.0771,0.0,0.0028,0.5043,0.3504,0.1453,0.0"
"Cullmancity_al,"	"13995.0,0.0339,0.9661,29164.0,0.9393,0.0042,0.0406,0.016,0.0045,0.9643,0.0036,0.0,0.0485,0.4908,0.395,0.1142,0.0"
"Dadevillecity_al,"	"3212.0,0.001,0.999,25266.0,0.9651,0.0,0.0286,0.0063,0.0028,0.5324,0.4508,0.0,0.0081,0.5137,0.4119,0.0744,0.0"
"Dalevillecity_al,"	"4653.0,0.0725,0.9275,34473.0,0.8797,0.043,0.0287,0.0486,0.0365,0.642,0.2536,0.0,0.0393,0.5439,0.3066,0.1495,0.0"
"Daphnecity_al,"	"16581.0,0.0271,0.9729,52603.0,0.9317,0.0035,0.0387,0.0251,0.0061,0.8533,0.1235,0.0011,0.0153,0.5945,0.2665,0.1389,0.0"
"DauphinIslandtown_al,"	"1371.0,0.0226,0.9774,44219.0,0.9193,0.0088,0.0351,0.0333,0.0058,0.9643,0.0044,0.0035,0.0095,0.5031,0.3523,0.1446,0.0"
"Davistontown_al,"	"267.0,0.0,1.0,missing,0.9386,0.0175,0.0439,0.0,0.0,0.8202,0.1798,0.0,0.015,0.4364,0.4364,0.1273,0.0"
"Daytontown_al,"	"60.0,0.0,1.0,12500.0,1.0,0.0,0.0,0.0,0.0,0.35,0.65,0.0,0.0,0.2778,0.5833,0.1389,0.0"
"Deatsvilletown_al,"	"340.0,0.0,1.0,40938.0,0.9625,0.0,0.0125,0.025,0.0,0.9735,0.0147,0.0,0.0,0.6285,0.2322,0.1393,0.0"
"Decaturcity_al,"	"53929.0,0.0448,0.9552,37192.0,0.9294,0.0041,0.0477,0.0169,0.007,0.755,0.1956,0.0019,0.0564,0.5462,0.3336,0.1202,0.0"
"Demopoliscity_al,"	"7540.0,0.0177,0.9823,26481.0,0.9465,0.0,0.0397,0.0105,0.002,0.4775,0.509,0.0033,0.0098,0.4499,0.4302,0.12,0.0"
"Detroittown_al,"	"247.0,0.0,1.0,missing,0.9759,0.0,0.0241,0.0,0.0,0.7935,0.2065,0.0,0.0,0.4362,0.4094,0.1544,0.0"
"DodgeCitytown_al,"	"612.0,0.0031,0.9969,30417.0,0.95,0.0,0.0273,0.0227,0.0,0.9951,0.0,0.0,0.0033,0.52,0.3684,0.1116,0.0"
"Doracity_al,"	"2413.0,0.0067,0.9933,21458.0,0.9445,0.004,0.0258,0.0198,0.0021,0.8061,0.1666,0.0059,0.0012,0.427,0.4918,0.0812,0.0"
"Dothancity_al,"	"57737.0,0.0204,0.9796,35000.0,0.9569,0.0063,0.0207,0.0153,0.0085,0.6733,0.3011,0.0007,0.0132,0.5456,0.3354,0.119,0.0"
"DoubleSpringstown_al,"	"1003.0,0.0,1.0,missing,0.9769,0.0,0.0185,0.0046,0.0,0.9751,0.003,0.0,0.011,0.5146,0.3662,0.1192,0.0"
"Douglastown_al,"	"530.0,0.009,0.991,missing,0.9604,0.0,0.0396,0.0,0.0019,0.9679,0.0,0.0,0.0264,0.5917,0.3486,0.0596,0.0"
"Doziertown_al,"	"391.0,0.0055,0.9945,13750.0,0.9524,0.0,0.0476,0.0,0.0,0.5703,0.3964,0.0,0.0128,0.331,0.5669,0.1021,0.0"
"Duttontown_al,"	"310.0,0.0058,0.9942,missing,0.912,0.0,0.048,0.04,0.0,0.971,0.0,0.0,0.0065,0.5312,0.3086,0.1602,0.0"
"EastBrewtoncity_al,"	"2496.0,0.0086,0.9914,23125.0,0.9569,0.002,0.0225,0.0157,0.0,0.8029,0.1707,0.0029,0.0196,0.4976,0.4102,0.0922,0.0"
"Eclectictown_al,"	"1037.0,0.0037,0.9963,missing,0.9556,0.0,0.0339,0.0104,0.001,0.7811,0.1919,0.0,0.0183,0.4841,0.4114,0.1045,0.0"
"EdgewaterCDP_al,"	"730.0,0.0,1.0,21322.0,1.0,0.0,0.0,0.0,0.0,0.3795,0.611,0.0,0.011,0.5255,0.3724,0.102,0.0"
"Edwardsvilletown_al,"	"186.0,0.0,1.0,missing,1.0,0.0,0.0,0.0,0.0,0.9839,0.0054,0.0,0.0054,0.4943,0.392,0.1136,0.0"
"Elbacity_al,"	"4185.0,0.0012,0.9988,24021.0,0.9733,0.0,0.0222,0.0044,0.0002,0.6392,0.3429,0.0,0.0103,0.4359,0.4614,0.1027,0.0"
"Elbertatown_al,"	"552.0,0.0543,0.9457,22375.0,0.8652,0.0,0.0565,0.0783,0.0,0.9511,0.0018,0.0,0.038,0.4513,0.4418,0.1069,0.0"
"Eldridgetown_al,"	"184.0,0.011,0.989,missing,1.0,0.0,0.0,0.0,0.0,0.9565,0.0435,0.0,0.0217,0.3944,0.5704,0.0352,0.0"
"Elkmonttown_al,"	"470.0,0.0043,0.9957,missing,0.9669,0.0,0.0,0.0331,0.0,0.834,0.1511,0.0,0.0128,0.5673,0.3725,0.0602,0.0"
"Elmoretown_al,"	"199.0,0.0,1.0,missing,0.9529,0.0,0.0471,0.0,0.0,0.6784,0.2764,0.0,0.0151,0.4503,0.4238,0.1258,0.0"
"Emelletown_al,"	"31.0,0.0,1.0,missing,1.0,0.0,0.0,0.0,0.0,0.0645,0.9355,0.0,0.0,0.4,0.6,0.0,0.0"
"Enterprisecity_al,"	"21178.0,0.0432,0.9568,37661.0,0.8892,0.0173,0.0564,0.0358,0.016,0.7162,0.2295,0.0013,0.0388,0.5348,0.3452,0.1201,0.0"
"Epestown_al,"	"206.0,0.0,1.0,25625.0,0.9195,0.0,0.0345,0.046,0.0,0.1553,0.8398,0.0,0.0,0.4509,0.5029,0.0462,0.0"
"Ethelsvilletown_al,"	"81.0,0.0169,0.9831,missing,1.0,0.0,0.0,0.0,0.0,0.8642,0.1358,0.0,0.0,0.5192,0.4231,0.0577,0.0"
"Eufaulacity_al,"	"13908.0,0.0174,0.9826,27910.0,0.9485,0.0024,0.035,0.0142,0.0047,0.5728,0.4042,0.0,0.0153,0.5258,0.3622,0.112,0.0"
"Eunolatown_al,"	"182.0,0.0,1.0,missing,1.0,0.0,0.0,0.0,0.0,0.8956,0.0879,0.0,0.0055,0.4968,0.4586,0.0446,0.0"
"Eutawcity_al,"	"1878.0,0.0053,0.9947,23056.0,0.975,0.0026,0.0105,0.0118,0.0021,0.3301,0.6603,0.0,0.0037,0.403,0.4987,0.0983,0.0"
"Evatown_al,"	"491.0,0.0087,0.9913,missing,0.9672,0.0,0.0219,0.0109,0.0,0.9837,0.0,0.0,0.0041,0.5077,0.3495,0.1429,0.0"
"Evergreencity_al,"	"3630.0,0.0016,0.9984,20979.0,0.9639,0.0,0.0129,0.0232,0.0019,0.4623,0.5278,0.0,0.0083,0.3987,0.4801,0.1212,0.0"
"Exceltown_al,"	"582.0,0.0,1.0,missing,1.0,0.0,0.0,0.0,0.0,0.9725,0.0172,0.0,0.0086,0.5448,0.3208,0.1344,0.0"
"Fairfieldcity_al,"	"12381.0,0.0065,0.9935,27845.0,0.9394,0.0,0.032,0.0238,0.0015,0.089,0.9023,0.0048,0.0059,0.5183,0.3721,0.1096,0.0"
"Fairhopecity_al,"	"12480.0,0.0313,0.9687,42913.0,0.9376,0.0023,0.0236,0.0352,0.0062,0.9022,0.0779,0.0013,0.0104,0.471,0.3999,0.1291,0.0"
"Fairviewtown_al,"	"522.0,0.1617,0.8383,31875.0,0.8135,0.0,0.1554,0.0311,0.0019,0.8659,0.0,0.0,0.1628,0.524,0.3066,0.1693,0.0"
"Falkvilletown_al,"	"1202.0,0.0194,0.9806,34583.0,0.9158,0.0,0.0579,0.0263,0.0,0.9226,0.0591,0.0,0.0042,0.3715,0.569,0.0595,0.0"
"Faunsdaletown_al,"	"87.0,0.0,1.0,missing,1.0,0.0,0.0,0.0,0.0,0.5402,0.4598,0.0,0.046,0.5581,0.3023,0.1395,0.0"
"Fayettecity_al,"	"4922.0,0.0186,0.9814,25714.0,0.9605,0.0067,0.0202,0.0125,0.0028,0.7534,0.2338,0.0,0.0095,0.4563,0.4349,0.1088,0.0"
"FivePointstown_al,"	"146.0,0.0,1.0,missing,0.8305,0.0,0.1186,0.0508,0.0,0.4726,0.5205,0.0,0.0,0.5254,0.4153,0.0593,0.0"
"Flomatontown_al,"	"1588.0,0.0103,0.9897,25875.0,0.9632,0.0,0.0322,0.0046,0.0006,0.7361,0.2324,0.0,0.0183,0.4466,0.4499,0.1034,0.0"
"Floralacity_al,"	"1964.0,0.0132,0.9868,17377.0,0.9563,0.0092,0.0184,0.0161,0.0061,0.8075,0.1568,0.0,0.0265,0.4067,0.4784,0.1148,0.0"
"Florencecity_al,"	"36264.0,0.0156,0.9844,28330.0,0.9551,0.0039,0.0229,0.0176,0.0062,0.7839,0.192,0.0004,0.0134,0.4463,0.3819,0.1718,0.0"
"Foleycity_al,"	"7590.0,0.0377,0.9623,31596.0,0.9171,0.0052,0.0517,0.026,0.0055,0.7449,0.2186,0.0,0.0464,0.4976,0.375,0.1274,0.0"
"ForestdaleCDP_al,"	"10509.0,0.0062,0.9938,43111.0,0.9671,0.0037,0.0131,0.0161,0.0035,0.5287,0.4592,0.0,0.0046,0.5462,0.3469,0.107,0.0"
"Forklandtown_al,"	"629.0,0.0043,0.9957,18698.0,0.9396,0.0,0.0528,0.0075,0.0,0.1065,0.8919,0.0,0.0,0.4345,0.4643,0.1012,0.0"
"FortDeposittown_al,"	"1270.0,0.0,1.0,20433.0,0.957,0.0,0.0387,0.0043,0.0,0.315,0.6819,0.0,0.0047,0.4537,0.4693,0.0769,0.0"
"FortPaynecity_al,"	"12938.0,0.0985,0.9015,33560.0,0.8887,0.0048,0.0873,0.018,0.0055,0.8322,0.0453,0.0012,0.1217,0.5757,0.3158,0.1085,0.0"
"FortRuckerCDP_al,"	"6052.0,0.0623,0.9377,missing,0.7357,0.0244,0.1519,0.0845,0.0205,0.6852,0.1813,0.0036,0.1168,0.7105,0.1822,0.1072,0.0"
"Franklintown_al,"	"149.0,0.0,1.0,missing,1.0,0.0,0.0,0.0,0.0,0.4362,0.5638,0.0,0.0067,0.4953,0.4206,0.0841,0.0"
"FriscoCitytown_al,"	"1460.0,0.0065,0.9935,26176.0,0.9354,0.005,0.0265,0.0149,0.0041,0.5295,0.4356,0.0182,0.0116,0.5077,0.4296,0.0627,0.0"
"Fruithurstcity_al,"	"270.0,0.0256,0.9744,missing,0.9593,0.0,0.0163,0.0244,0.0,0.9963,0.0037,0.0,0.0074,0.4153,0.4234,0.1613,0.0"
"Fultondalecity_al,"	"6595.0,0.0289,0.9711,38006.0,0.9417,0.0172,0.0259,0.0152,0.0038,0.916,0.0534,0.0,0.0159,0.5398,0.3567,0.1035,0.0"
"Fultontown_al,"	"308.0,0.0068,0.9932,23750.0,0.9912,0.0,0.0,0.0088,0.0,0.8214,0.1786,0.0,0.0,0.5192,0.375,0.1058,0.0"
"Fyffetown_al,"	"971.0,0.0231,0.9769,missing,0.953,0.0,0.047,0.0,0.0031,0.9403,0.0093,0.0,0.0185,0.5417,0.3508,0.1075,0.0"
"Gadsdencity_al,"	"38978.0,0.0262,0.9738,24823.0,0.9493,0.0035,0.0347,0.0098,0.0053,0.6269,0.34,0.0027,0.0267,0.4408,0.4485,0.1108,0.0"
"Gainesvilletown_al,"	"220.0,0.0,1.0,missing,0.9759,0.0,0.0,0.0241,0.0,0.2273,0.7727,0.0,0.0,0.2941,0.5956,0.1103,0.0"
"Gantttown_al,"	"241.0,0.0192,0.9808,missing,0.9358,0.0183,0.0459,0.0,0.0,0.7593,0.2199,0.0,0.0083,0.4505,0.4505,0.099,0.0"
"GardenCitytown_al,"	"564.0,0.0037,0.9963,28000.0,0.9762,0.0,0.0238,0.0,0.0,0.9929,0.0,0.0,0.0089,0.4872,0.3921,0.1206,0.0"
"Gardendalecity_al,"	"11626.0,0.0178,0.9822,45786.0,0.95,0.0048,0.0186,0.0248,0.0053,0.9719,0.0148,0.0019,0.0065,0.5683,0.3242,0.1075,0.0"
"Gaylesvilletown_al,"	"140.0,0.0,1.0,missing,1.0,0.0,0.0,0.0,0.0,0.9929,0.0,0.0,0.0,0.4554,0.5,0.0446,0.0"
"Geigertown_al,"	"161.0,0.0127,0.9873,17917.0,0.9623,0.0,0.0377,0.0,0.0,0.2981,0.7019,0.0,0.0,0.3438,0.5234,0.1328,0.0"
"Genevacity_al,"	"4388.0,0.0041,0.9959,22096.0,0.9607,0.0,0.0224,0.0168,0.0005,0.8412,0.1418,0.0,0.0109,0.4802,0.4427,0.0771,0.0"
"Georgianatown_al,"	"1737.0,0.0077,0.9923,17014.0,0.9693,0.0061,0.0107,0.0138,0.0,0.3736,0.6177,0.0,0.0035,0.3415,0.5452,0.1133,0.0"
"Geraldinetown_al,"	"786.0,0.0027,0.9973,24028.0,0.956,0.0,0.0293,0.0147,0.0,0.9796,0.0,0.0,0.0038,0.4585,0.4103,0.1312,0.0"
"Gilbertowntown_al,"	"187.0,0.0,1.0,missing,0.963,0.0,0.037,0.0,0.0,0.8663,0.107,0.0,0.0,0.5135,0.3986,0.0878,0.0"
"GlenAllentown_al,"	"442.0,0.0,1.0,missing,0.9502,0.0,0.0398,0.01,0.0068,0.8303,0.1561,0.0,0.0136,0.4745,0.3622,0.1633,0.0"
"Glencoecity_al,"	"5152.0,0.0059,0.9941,38385.0,0.9644,0.0,0.0263,0.0093,0.0017,0.9693,0.0173,0.0,0.0035,0.5044,0.3745,0.1211,0.0"
"Glenwoodtown_al,"	"191.0,0.0,1.0,missing,0.9157,0.0,0.0361,0.0482,0.0,0.6911,0.2984,0.0,0.0052,0.5468,0.3741,0.0791,0.0"
"Goldvilletown_al,"	"37.0,0.0,1.0,missing,1.0,0.0,0.0,0.0,0.0,1.0,0.0,0.0,0.0,0.55,0.15,0.3,0.0"
"GoodHopetown_al,"	"1966.0,0.002,0.998,missing,0.9823,0.0,0.0177,0.0,0.0015,0.9883,0.001,0.0,0.0112,0.5689,0.3366,0.0946,0.0"
"Goodwatercity_al,"	"1633.0,0.0049,0.9951,22188.0,0.9696,0.0032,0.0208,0.0032,0.0012,0.2566,0.733,0.0032,0.0055,0.4657,0.4402,0.0941,0.0"
"Gordontown_al,"	"408.0,0.0,1.0,missing,0.9781,0.0,0.0219,0.0,0.0025,0.2304,0.7402,0.0,0.0147,0.4237,0.4427,0.1336,0.0"
"Gordonvilletown_al,"	"318.0,0.0,1.0,missing,0.931,0.0,0.069,0.0,0.0,0.0377,0.9591,0.0,0.0126,0.3143,0.65,0.0357,0.0"
"Gordotown_al,"	"1677.0,0.0006,0.9994,23813.0,0.9514,0.0,0.0386,0.01,0.0,0.5891,0.4031,0.0,0.0125,0.4549,0.4367,0.1084,0.0"
"Goshentown_al,"	"300.0,0.0,1.0,24219.0,1.0,0.0,0.0,0.0,0.0,0.6767,0.2933,0.0,0.0,0.5404,0.3362,0.1234,0.0"
"GrandBayCDP_al,"	"3918.0,0.0093,0.9907,38941.0,0.9632,0.0057,0.0234,0.0078,0.0079,0.89,0.0888,0.0,0.0087,0.5412,0.3765,0.0824,0.0"
"Granttown_al,"	"665.0,0.0,1.0,37188.0,0.9819,0.0,0.0072,0.0109,0.0015,0.9654,0.006,0.0,0.003,0.6139,0.2606,0.1255,0.0"
"GraysonValleyCDP_al,"	"5447.0,0.0117,0.9883,50691.0,0.949,0.0081,0.0138,0.029,0.0057,0.9457,0.0356,0.0,0.007,0.6782,0.1784,0.1434,0.0"
"Graysvillecity_al,"	"2344.0,0.0084,0.9916,30994.0,0.9347,0.0188,0.0388,0.0078,0.0034,0.7526,0.2312,0.0,0.0047,0.5061,0.4031,0.0909,0.0"
"Greensborocity_al,"	"2731.0,0.0025,0.9975,22930.0,0.9518,0.0,0.0315,0.0167,0.0,0.383,0.6089,0.0,0.0088,0.4057,0.4973,0.0969,0.0"
"Greenvillecity_al,"	"7228.0,0.0045,0.9955,22106.0,0.9445,0.0052,0.0318,0.0164,0.0036,0.5069,0.4831,0.0021,0.0086,0.4224,0.4622,0.1154,0.0"
"Grimestown_al,"	"459.0,0.0108,0.9892,28839.0,0.963,0.0,0.0265,0.0106,0.0022,0.6078,0.3638,0.0,0.0065,0.6026,0.2842,0.1132,0.0"
"GroveHilltown_al,"	"1438.0,0.0014,0.9986,31012.0,0.9455,0.0053,0.0264,0.0228,0.0,0.6196,0.3727,0.0,0.0035,0.4747,0.397,0.1283,0.0"
"Gu-Wintown_al,"	"204.0,0.0,1.0,missing,0.9506,0.0,0.0494,0.0,0.0,1.0,0.0,0.0,0.0294,0.4188,0.4625,0.1187,0.0"
"Guincity_al,"	"2389.0,0.0129,0.9871,26618.0,0.9658,0.0068,0.0245,0.0029,0.0008,0.8669,0.1185,0.0,0.0054,0.4781,0.4275,0.0943,0.0"
"GulfShorescity_al,"	"5044.0,0.043,0.957,41826.0,0.937,0.0,0.0232,0.0397,0.003,0.9754,0.0022,0.0,0.0123,0.5013,0.3667,0.132,0.0"
"Guntersvillecity_al,"	"7395.0,0.0065,0.9935,29882.0,0.9427,0.003,0.0418,0.0125,0.0041,0.8817,0.0853,0.0,0.0287,0.4729,0.4117,0.1154,0.0"
"Gurleytown_al,"	"876.0,0.0079,0.9921,23831.0,0.9331,0.0,0.0334,0.0195,0.0034,0.8185,0.1541,0.0139,0.0205,0.4926,0.3932,0.1142,0.0"
"Hackleburgtown_al,"	"1527.0,0.002,0.998,26075.0,0.979,0.0,0.018,0.003,0.0,0.9921,0.0013,0.0,0.0026,0.5074,0.382,0.1106,0.0"
"Haleburgtown_al,"	"108.0,0.0,1.0,25500.0,1.0,0.0,0.0,0.0,0.0,0.7778,0.1852,0.0,0.0093,0.3704,0.6049,0.0247,0.0"
"Haleyvillecity_al,"	"4182.0,0.0242,0.9758,24907.0,0.9755,0.006,0.0185,0.0,0.0012,0.9481,0.0148,0.0,0.0311,0.4834,0.4116,0.105,0.0"
"Hamiltoncity_al,"	"6786.0,0.0021,0.9979,27489.0,0.9575,0.0033,0.0299,0.0092,0.0049,0.9041,0.0759,0.0,0.0171,0.5083,0.4044,0.0873,0.0"
"Hammondvilletown_al,"	"486.0,0.0021,0.9979,33056.0,0.9355,0.0,0.0376,0.0269,0.0041,0.9527,0.0165,0.0,0.0267,0.5972,0.2732,0.1296,0.0"
"Hancevillecity_al,"	"2951.0,0.0288,0.9712,26351.0,0.9428,0.0,0.0494,0.0035,0.0007,0.9309,0.0461,0.0043,0.023,0.4359,0.4372,0.1269,0.0"
"Harpersvilletown_al,"	"1620.0,0.0024,0.9976,31655.0,0.9666,0.0,0.0317,0.0017,0.0068,0.6957,0.287,0.0,0.0062,0.4969,0.3826,0.1205,0.0"
"Hartfordcity_al,"	"2369.0,0.0047,0.9953,23324.0,0.9826,0.0,0.0174,0.0,0.0,0.7911,0.1963,0.0,0.0169,0.4295,0.4573,0.1131,0.0"
"Hartsellecity_al,"	"12019.0,0.0153,0.9847,40461.0,0.9651,0.0027,0.0264,0.0048,0.0031,0.9225,0.0516,0.001,0.0129,0.5499,0.3241,0.126,0.0"
"HarvestCDP_al,"	"3054.0,0.0074,0.9926,missing,0.952,0.0103,0.0376,0.0,0.0111,0.7656,0.1876,0.0,0.0098,0.5929,0.2741,0.133,0.0"
"Haydentown_al,"	"470.0,0.0043,0.9957,31484.0,0.9695,0.0051,0.0254,0.0,0.0043,0.9191,0.066,0.0,0.0021,0.5156,0.3909,0.0935,0.0"
"Haynevilletown_al,"	"1177.0,0.0026,0.9974,19554.0,0.9618,0.0072,0.0239,0.0072,0.0017,0.1342,0.8547,0.0,0.0034,0.4142,0.4912,0.0945,0.0"
"HazelGreenCDP_al,"	"3805.0,0.0164,0.9836,missing,0.9495,0.0061,0.0092,0.0207,0.005,0.9356,0.0265,0.0145,0.0176,0.5926,0.2835,0.124,0.0"
"Headlandcity_al,"	"3523.0,0.0104,0.9896,34388.0,0.954,0.012,0.0227,0.0113,0.0009,0.6753,0.3128,0.0,0.002,0.5475,0.3455,0.107,0.0"
"Heathtown_al,"	"249.0,0.0092,0.9908,missing,0.9912,0.0,0.0088,0.0,0.0,0.8835,0.0924,0.0,0.0321,0.4535,0.4186,0.1279,0.0"
"Heflincity_al,"	"3002.0,0.0141,0.9859,28398.0,0.9533,0.0,0.0419,0.0048,0.0033,0.8588,0.1183,0.0,0.0193,0.4937,0.3918,0.1145,0.0"
"Helenacity_al,"	"10296.0,0.0148,0.9852,missing,0.9544,0.0048,0.0229,0.0179,0.0065,0.9325,0.05,0.0,0.01,0.6937,0.1571,0.1492,0.0"
"Henagartown_al,"	"2400.0,0.0,1.0,29777.0,0.9611,0.0032,0.0242,0.0116,0.0004,0.9646,0.0,0.0,0.0071,0.5436,0.3555,0.101,0.0"
"HighlandLaketown_al,"	"408.0,0.0162,0.9838,missing,0.8854,0.0,0.0382,0.0764,0.0074,0.973,0.0025,0.0,0.0074,0.5815,0.3355,0.0831,0.0"
"Hillsborotown_al,"	"608.0,0.0,1.0,missing,0.9314,0.0,0.049,0.0196,0.0,0.1464,0.8224,0.0,0.0099,0.6263,0.306,0.0678,0.0"
"HobsonCitytown_al,"	"878.0,0.0031,0.9969,17589.0,1.0,0.0,0.0,0.0,0.0,0.0615,0.9271,0.0,0.0057,0.4143,0.4157,0.1699,0.0"
"Hodgestown_al,"	"261.0,0.0034,0.9966,missing,0.951,0.0,0.0294,0.0196,0.0,1.0,0.0,0.0,0.0,0.491,0.3739,0.1351,0.0"
"HokesBluffcity_al,"	"4149.0,0.0063,0.9937,37923.0,0.9693,0.0059,0.016,0.0089,0.0007,0.9899,0.001,0.0,0.0046,0.5366,0.3446,0.1188,0.0"
"HollyPondtown_al,"	"645.0,0.0174,0.9826,28182.0,0.9395,0.0081,0.0444,0.0081,0.0016,0.9767,0.0,0.0,0.0341,0.5759,0.3098,0.1143,0.0"
"Hollywoodtown_al,"	"950.0,0.0079,0.9921,27500.0,0.9586,0.0,0.0331,0.0083,0.0,0.8063,0.1632,0.0,0.0042,0.5622,0.3247,0.113,0.0"
"HoltCDP_al,"	"4103.0,0.0076,0.9924,27273.0,0.9623,0.0031,0.0136,0.021,0.0002,0.5167,0.4704,0.0,0.0149,0.4974,0.3912,0.1114,0.0"
"Homewoodcity_al,"	"25043.0,0.0637,0.9363,45431.0,0.8924,0.0172,0.0355,0.0359,0.0257,0.7975,0.153,0.0189,0.028,0.5861,0.2187,0.1951,0.0"
"Hoovercity_al,"	"62742.0,0.0636,0.9364,61982.0,0.904,0.0173,0.0416,0.0288,0.0289,0.8766,0.0677,0.0083,0.0379,0.6225,0.2414,0.1361,0.0"
"HornHilltown_al,"	"235.0,0.0,1.0,missing,0.9485,0.0,0.0309,0.0206,0.0,0.9702,0.017,0.0,0.0043,0.497,0.4061,0.097,0.0"
"Hueytowncity_al,"	"15364.0,0.0046,0.9954,41225.0,0.9739,0.0,0.0119,0.0115,0.0013,0.8381,0.1549,0.0027,0.0047,0.5544,0.3359,0.1098,0.0"
"HuguleyCDP_al,"	"2953.0,0.0074,0.9926,28475.0,0.9331,0.0,0.0375,0.0294,0.0007,0.7376,0.2516,0.0,0.0102,0.5308,0.3613,0.1079,0.0"
"Huntsvillecity_al,"	"158216.0,0.0493,0.9507,41074.0,0.916,0.0159,0.0288,0.0336,0.0222,0.6447,0.3021,0.0057,0.0204,0.5594,0.296,0.1446,0.0"
"Hurtsborotown_al,"	"592.0,0.0,1.0,16691.0,0.9763,0.0,0.0203,0.0,0.0,0.2939,0.7027,0.0034,0.0017,0.3962,0.5297,0.0742,0.0"
"Hytoptown_al,"	"315.0,0.0,1.0,missing,0.9703,0.0,0.0297,0.0,0.0,0.9619,0.0,0.0,0.0032,0.6479,0.2347,0.1174,0.0"
"Idertown_al,"	"664.0,0.0092,0.9908,missing,0.9619,0.0,0.0104,0.0277,0.0,0.9639,0.0,0.0,0.006,0.5219,0.3943,0.0838,0.0"
"IndianSpringsVilla_al,"	"2225.0,0.0162,0.9838,missing,0.9614,0.0026,0.027,0.0039,0.009,0.9811,0.0009,0.0051,0.0013,0.574,0.277,0.1491,0.0"
"Irondalecity_al,"	"9813.0,0.0437,0.9563,46203.0,0.9324,0.0025,0.0333,0.0285,0.0095,0.7169,0.2528,0.0033,0.0268,0.5672,0.2861,0.1467,0.0"
"Jacksoncity_al,"	"5419.0,0.0103,0.9897,34806.0,0.9447,0.0046,0.0302,0.0206,0.0037,0.6042,0.3849,0.0,0.0065,0.4643,0.4409,0.0948,0.0"
"Jacksons'Gaptown_al,"	"761.0,0.0153,0.9847,23026.0,0.9395,0.0064,0.0414,0.0127,0.0026,0.6965,0.2904,0.0,0.0039,0.5673,0.3918,0.0409,0.0"
"Jacksonvillecity_al,"	"8404.0,0.0202,0.9798,missing,0.947,0.0167,0.0092,0.0271,0.0129,0.762,0.2018,0.0,0.0187,0.4085,0.308,0.2835,0.0"
"Jaspercity_al,"	"14052.0,0.0129,0.9871,33044.0,0.9503,0.0017,0.0347,0.0132,0.0053,0.8415,0.1398,0.0,0.0135,0.4713,0.415,0.1137,0.0"
"Jemisontown_al,"	"2248.0,0.0308,0.9692,33250.0,0.9479,0.0,0.0438,0.0083,0.0018,0.7754,0.1948,0.0,0.0294,0.5382,0.3707,0.0911,0.0"
"Kansastown_al,"	"260.0,0.0,1.0,23021.0,0.9541,0.0,0.0459,0.0,0.0038,0.9923,0.0,0.0,0.0,0.45,0.47,0.08,0.0"
"Kennedytown_al,"	"541.0,0.0038,0.9962,missing,0.9815,0.0,0.0185,0.0,0.0,0.854,0.1368,0.0,0.0018,0.4939,0.423,0.0831,0.0"
"Killentown_al,"	"1119.0,0.0069,0.9931,missing,0.9675,0.0,0.007,0.0186,0.0045,0.9526,0.0223,0.007,0.0259,0.5539,0.3031,0.143,0.0"
"Kimberlytown_al,"	"1801.0,0.0091,0.9909,46343.0,0.9709,0.0016,0.0258,0.0016,0.0017,0.9578,0.0161,0.0,0.0117,0.6268,0.2684,0.1047,0.0"
"Kinseytown_al,"	"1796.0,0.0078,0.9922,27578.0,0.9547,0.0099,0.0297,0.0057,0.0033,0.5807,0.4048,0.0,0.0122,0.6143,0.3009,0.0848,0.0"
"Kinstontown_al,"	"602.0,0.0099,0.9901,30875.0,0.9558,0.0161,0.0281,0.0,0.0017,0.9352,0.0017,0.0,0.0033,0.4913,0.4156,0.0931,0.0"
"LaFayettecity_al,"	"3234.0,0.0031,0.9969,22768.0,0.9587,0.0,0.0211,0.0202,0.0015,0.3207,0.6729,0.0,0.0071,0.389,0.5212,0.0898,0.0"
"LadoniaCDP_al,"	"3229.0,0.0212,0.9788,missing,0.9336,0.0065,0.0356,0.0243,0.0022,0.9182,0.0523,0.0,0.0146,0.5571,0.3521,0.0908,0.0"
"LakePurdyCDP_al,"	"5799.0,0.0541,0.9459,54349.0,0.9066,0.026,0.0191,0.0422,0.0414,0.8662,0.0778,0.0061,0.0343,0.7624,0.1282,0.1093,0.0"
"LakeViewtown_al,"	"1357.0,0.0107,0.9893,54879.0,0.9528,0.0,0.0267,0.0205,0.0022,0.9735,0.0081,0.0,0.0022,0.6649,0.2394,0.0958,0.0"
"Lakeviewtown_al,"	"163.0,0.0123,0.9877,missing,0.9394,0.0,0.0606,0.0,0.0,0.9509,0.0,0.0,0.0,0.5259,0.363,0.1111,0.0"
"Lanettcity_al,"	"7897.0,0.0148,0.9852,26197.0,0.9604,0.0,0.0241,0.0155,0.0022,0.4536,0.5358,0.0,0.008,0.5068,0.3899,0.1033,0.0"
"Langstontown_al,"	"254.0,0.0,1.0,33333.0,1.0,0.0,0.0,0.0,0.0,0.9409,0.0315,0.0,0.0,0.4944,0.4611,0.0444,0.0"
"Leedscity_al,"	"10455.0,0.0107,0.9893,37420.0,0.956,0.0027,0.0297,0.0116,0.0048,0.8198,0.1591,0.0,0.0134,0.5775,0.3165,0.106,0.0"
"Leesburgtown_al,"	"799.0,0.0,1.0,34779.0,0.9553,0.0,0.0351,0.0096,0.0025,0.9912,0.0,0.0,0.0038,0.5388,0.3657,0.0955,0.0"
"Leightontown_al,"	"849.0,0.0186,0.9814,20500.0,0.9344,0.0,0.0492,0.0164,0.0,0.4441,0.5512,0.0,0.0094,0.3853,0.5137,0.101,0.0"
"Lestertown_al,"	"107.0,0.0,1.0,missing,0.9231,0.0,0.0,0.0769,0.0,1.0,0.0,0.0,0.0,0.6753,0.2857,0.039,0.0"
"LevelPlainstown_al,"	"1544.0,0.0657,0.9343,38269.0,0.872,0.0341,0.041,0.0495,0.0207,0.7986,0.1347,0.0034,0.0304,0.561,0.316,0.1229,0.0"
"Lexingtontown_al,"	"840.0,0.0048,0.9952,31736.0,0.9859,0.0,0.0085,0.0056,0.0,0.9929,0.0,0.0,0.0036,0.5117,0.3523,0.136,0.0"
"Libertyvilletown_al,"	"106.0,0.0,1.0,missing,0.9362,0.0,0.0638,0.0,0.0377,0.9151,0.0,0.0,0.0094,0.5301,0.3614,0.1084,0.0"
"Lincolncity_al,"	"4577.0,0.0069,0.9931,34053.0,0.914,0.0035,0.039,0.0436,0.0007,0.719,0.2705,0.0,0.007,0.5454,0.3739,0.0807,0.0"
"Lindencity_al,"	"2424.0,0.0104,0.9896,22303.0,0.942,0.0052,0.0362,0.0124,0.0033,0.5243,0.462,0.0041,0.0107,0.4012,0.4922,0.1066,0.0"
"Linevillecity_al,"	"2401.0,0.0092,0.9908,23468.0,0.9573,0.0,0.0262,0.0165,0.0017,0.6022,0.3778,0.0,0.0262,0.4522,0.4446,0.1032,0.0"
"Lipscombcity_al,"	"2458.0,0.0221,0.9779,30865.0,0.8979,0.0255,0.058,0.0186,0.0004,0.3255,0.6558,0.0,0.0224,0.5418,0.3812,0.077,0.0"
"Lismantown_al,"	"653.0,0.0,1.0,20333.0,0.9628,0.0041,0.0248,0.0083,0.0,0.072,0.9142,0.0,0.0015,0.4214,0.4432,0.1354,0.0"
"Littlevilletown_al,"	"978.0,0.0021,0.9979,32583.0,0.9711,0.0026,0.0262,0.0,0.0,0.9857,0.0,0.0,0.0082,0.5174,0.3432,0.1394,0.0"
"Livingstoncity_al,"	"3297.0,0.0024,0.9976,13516.0,0.9599,0.0022,0.0304,0.0074,0.0018,0.3782,0.6078,0.0,0.0143,0.3946,0.424,0.1814,0.0"
"Loachapokatown_al,"	"165.0,0.0073,0.9927,missing,0.9636,0.0182,0.0182,0.0,0.0061,0.3818,0.6121,0.0,0.0061,0.4865,0.4054,0.1081,0.0"
"Lockharttown_al,"	"548.0,0.0073,0.9927,missing,0.9571,0.0,0.0429,0.0,0.0,0.7482,0.2391,0.0,0.0219,0.4941,0.4075,0.0984,0.0"
"LocustForktown_al,"	"1016.0,0.0038,0.9962,39333.0,0.9534,0.0,0.0337,0.0078,0.0,0.9892,0.0,0.0052,0.0049,0.5121,0.3796,0.1083,0.0"
"Louisvilletown_al,"	"612.0,0.0711,0.9289,20859.0,0.9537,0.0,0.0463,0.0,0.0,0.5294,0.4069,0.0,0.0637,0.4074,0.4912,0.1014,0.0"
"Lowndesborotown_al,"	"140.0,0.0114,0.9886,missing,0.9878,0.0,0.0122,0.0,0.0,0.7143,0.25,0.0,0.0357,0.3741,0.5252,0.1007,0.0"
"Loxleytown_al,"	"1348.0,0.0185,0.9815,missing,0.949,0.0,0.0316,0.0158,0.0052,0.9058,0.0534,0.0035,0.0289,0.5616,0.3262,0.1121,0.0"
"Luvernecity_al,"	"2635.0,0.008,0.992,22457.0,0.9581,0.0,0.0192,0.0227,0.0015,0.7025,0.2843,0.0,0.0068,0.4365,0.4767,0.0868,0.0"
"Lynntown_al,"	"597.0,0.0053,0.9947,26125.0,0.9644,0.0,0.0237,0.0119,0.0017,0.9832,0.0017,0.0,0.0,0.5034,0.4206,0.0761,0.0"
"Macedoniatown_al,"	"291.0,0.0058,0.9942,missing,0.9558,0.0,0.0442,0.0,0.0,0.0653,0.9175,0.0,0.0,0.5504,0.3908,0.0588,0.0"
"Madisoncity_al,"	"29329.0,0.0561,0.9439,63849.0,0.893,0.0235,0.0346,0.0406,0.0351,0.8015,0.13,0.0083,0.023,0.6697,0.187,0.1433,0.0"
"Madridtown_al,"	"303.0,0.0064,0.9936,missing,0.9542,0.0305,0.0153,0.0,0.0033,0.8284,0.1617,0.0,0.0,0.4631,0.4057,0.1311,0.0"
"Malverntown_al,"	"1215.0,0.0115,0.9885,missing,0.9554,0.0,0.0365,0.0081,0.0025,0.9457,0.0222,0.0,0.0132,0.574,0.3097,0.1163,0.0"
"Maplesvilletown_al,"	"672.0,0.0015,0.9985,missing,0.9676,0.0,0.0252,0.0072,0.0,0.6994,0.2961,0.0,0.0089,0.4981,0.4,0.1019,0.0"
"Margarettown_al,"	"1169.0,0.0,1.0,30147.0,0.9563,0.0109,0.0328,0.0,0.0034,0.6518,0.3259,0.0,0.0,0.6759,0.2468,0.0772,0.0"
"Marioncity_al,"	"3511.0,0.0035,0.9965,24330.0,0.9721,0.0,0.0148,0.0131,0.0009,0.3626,0.6246,0.0,0.0097,0.3699,0.4654,0.1647,0.0"
"Maytowntown_al,"	"435.0,0.0041,0.9959,missing,0.8862,0.0,0.018,0.0958,0.0023,0.7931,0.1908,0.0,0.0,0.5091,0.4104,0.0805,0.0"
"McDonaldChapelCDP_al,"	"1054.0,0.0265,0.9735,missing,0.9794,0.0069,0.0,0.0137,0.0266,0.666,0.296,0.0,0.0057,0.3937,0.5669,0.0394,0.0"
"McIntoshtown_al,"	"244.0,0.0408,0.9592,28214.0,0.9333,0.0,0.0111,0.0,0.0,0.5533,0.4303,0.0556,0.0041,0.5189,0.3784,0.1027,0.0"
"McKenzietown_al,"	"644.0,0.0,1.0,18173.0,0.9512,0.0,0.0418,0.007,0.0016,0.7609,0.2252,0.0,0.0031,0.3831,0.5268,0.09,0.0"
"McMullentown_al,"	"66.0,0.0,1.0,missing,0.9643,0.0,0.0357,0.0,0.0,0.0,1.0,0.0,0.0,0.2456,0.6316,0.1228,0.0"
"MeadowbrookCDP_al,"	"4697.0,0.0044,0.9956,83715.0,0.9813,0.0,0.015,0.0037,0.0209,0.9429,0.0287,0.0,0.0066,0.5944,0.2568,0.1488,0.0"
"Memphistown_al,"	"33.0,0.0,1.0,missing,1.0,0.0,0.0,0.0,0.0,0.0303,0.9697,0.0,0.0,0.3333,0.5333,0.1333,0.0"
"Mentonetown_al,"	"451.0,0.006,0.994,missing,0.9522,0.0,0.0239,0.0239,0.0,0.9534,0.0111,0.0,0.0022,0.4692,0.4,0.1308,0.0"
"MeridianvilleCDP_al,"	"4117.0,0.0221,0.9779,missing,0.9157,0.0068,0.0612,0.0109,0.0073,0.8662,0.094,0.0054,0.007,0.6212,0.2368,0.1421,0.0"
"Midfieldcity_al,"	"5626.0,0.0067,0.9933,31378.0,0.9501,0.0043,0.0317,0.0139,0.0043,0.3928,0.5949,0.0,0.0014,0.5325,0.3716,0.0959,0.0"
"MidlandCitytown_al,"	"1703.0,0.0046,0.9954,20000.0,0.9414,0.0129,0.0271,0.0186,0.0035,0.7058,0.2519,0.0,0.0076,0.5008,0.3517,0.1475,0.0"
"Midwaytown_al,"	"457.0,0.0087,0.9913,12143.0,0.9767,0.0,0.0233,0.0,0.0,0.1116,0.8884,0.0,0.0022,0.3902,0.5082,0.1016,0.0"
"MignonCDP_al,"	"1348.0,0.0092,0.9908,21019.0,0.9556,0.0,0.0,0.0444,0.0015,0.7619,0.2211,0.0,0.0052,0.4242,0.4334,0.1423,0.0"
"Millbrookcity_al,"	"10386.0,0.014,0.986,43838.0,0.9452,0.0031,0.0299,0.0218,0.0057,0.7986,0.1711,0.0,0.0144,0.664,0.2189,0.1171,0.0"
"Millporttown_al,"	"1160.0,0.0034,0.9966,missing,0.9543,0.0,0.0353,0.0104,0.0,0.6552,0.3397,0.0,0.0103,0.4603,0.4472,0.0925,0.0"
"Millrytown_al,"	"615.0,0.0,1.0,24886.0,0.9251,0.0,0.0562,0.0187,0.0,0.6341,0.3545,0.0,0.0065,0.4455,0.4922,0.0623,0.0"
"MinorCDP_al,"	"1116.0,0.0,1.0,missing,0.9475,0.0,0.0168,0.0357,0.0009,0.9767,0.009,0.0,0.0036,0.4693,0.4018,0.1289,0.0"
"Mobilecity_al,"	"198915.0,0.0295,0.9705,31445.0,0.9254,0.0106,0.0336,0.0272,0.0152,0.504,0.4629,0.0033,0.0142,0.5056,0.3595,0.1349,0.0"
"Monroevillecity_al,"	"6862.0,0.003,0.997,28229.0,0.9681,0.0011,0.0173,0.0135,0.0058,0.5309,0.4484,0.0,0.009,0.4569,0.4346,0.1085,0.0"
"Montevallocity_al,"	"4825.0,0.0156,0.9844,30541.0,0.9479,0.0,0.0418,0.0103,0.0039,0.7254,0.2589,0.0,0.0158,0.4453,0.2768,0.2778,0.0"
"Montgomerycity_al,"	"201568.0,0.0214,0.9786,35627.0,0.9364,0.0103,0.0305,0.0201,0.0106,0.4767,0.4963,0.0027,0.0123,0.5593,0.3099,0.1309,0.0"
"Moodytown_al,"	"8053.0,0.0065,0.9935,39500.0,0.9696,0.0062,0.0167,0.0075,0.0022,0.9409,0.0381,0.0,0.0109,0.5662,0.3392,0.0946,0.0"
"MooresMillCDP_al,"	"5178.0,0.0123,0.9877,50292.0,0.9491,0.0108,0.036,0.0041,0.0079,0.7762,0.1858,0.0,0.0098,0.642,0.252,0.106,0.0"
"Mooresvilletown_al,"	"59.0,0.0,1.0,missing,0.85,0.0,0.05,0.1,0.0,0.8814,0.1186,0.0,0.0,0.3721,0.4186,0.2093,0.0"
"Morristown_al,"	"1827.0,0.0047,0.9953,missing,0.9421,0.0,0.0085,0.0466,0.0027,0.9847,0.0049,0.0028,0.0038,0.6163,0.2744,0.1093,0.0"
"Mossestown_al,"	"1101.0,0.0047,0.9953,17031.0,0.9688,0.0,0.017,0.0142,0.0009,0.0118,0.9782,0.0,0.0045,0.3669,0.5245,0.1086,0.0"
"Moultoncity_al,"	"3260.0,0.0072,0.9928,26591.0,0.9379,0.013,0.0383,0.0043,0.0034,0.7982,0.15,0.0065,0.0083,0.4524,0.464,0.0836,0.0"
"Moundvilletown_al,"	"1809.0,0.0037,0.9963,31944.0,0.9518,0.0,0.0205,0.0278,0.0094,0.613,0.3516,0.0,0.0155,0.4419,0.4022,0.1559,0.0"
"MountOliveCDP_al,"	"3957.0,0.0027,0.9973,48291.0,0.9648,0.0031,0.0214,0.0107,0.0005,0.981,0.0008,0.0,0.0078,0.5261,0.3578,0.1162,0.0"
"MountVernontown_al,"	"844.0,0.0,1.0,29861.0,0.9661,0.0034,0.0203,0.0102,0.0,0.4538,0.5296,0.0,0.0012,0.5147,0.4104,0.0749,0.0"
"MountainBrookcity_al,"	"20604.0,0.0233,0.9767,100483.0,0.9308,0.0065,0.0168,0.0422,0.0065,0.9864,0.0031,0.0037,0.0058,0.494,0.3504,0.1555,0.0"
"Mountainborotown_al,"	"338.0,0.0138,0.9862,missing,0.9306,0.0139,0.0486,0.0069,0.0148,0.9615,0.003,0.0,0.0178,0.4494,0.4607,0.0899,0.0"
"Mulgatown_al,"	"973.0,0.0034,0.9966,missing,1.0,0.0,0.0,0.0,0.0031,0.851,0.1316,0.0,0.001,0.5242,0.3932,0.0826,0.0"
"MunfordCDP_al,"	"2446.0,0.0,1.0,missing,0.9907,0.0093,0.0,0.0,0.0,0.7081,0.2735,0.0,0.0016,0.5341,0.3356,0.1303,0.0"
"MuscleShoalscity_al,"	"11924.0,0.0036,0.9964,40216.0,0.9679,0.0019,0.0173,0.0118,0.0056,0.8388,0.1416,0.0011,0.0116,0.5361,0.323,0.1408,0.0"
"Myrtlewoodtown_al,"	"139.0,0.0,1.0,missing,1.0,0.0,0.0,0.0,0.0,0.7914,0.2086,0.0,0.0072,0.3723,0.6277,0.0,0.0"
"NapierFieldtown_al,"	"404.0,0.028,0.972,missing,0.9399,0.0109,0.0492,0.0,0.0,0.854,0.1139,0.0,0.0272,0.5768,0.3386,0.0846,0.0"
"NaturalBridgetown_al,"	"28.0,0.0,1.0,missing,1.0,0.0,0.0,0.0,0.0,1.0,0.0,0.0,0.0,0.3704,0.5185,0.1111,0.0"
"Nauvootown_al,"	"284.0,0.0,1.0,missing,0.9167,0.0,0.0833,0.0,0.0,0.9824,0.0,0.0,0.0176,0.4685,0.455,0.0766,0.0"
"Nectartown_al,"	"372.0,0.0,1.0,44167.0,0.9789,0.0,0.0,0.0,0.0,0.9731,0.0,0.0211,0.0269,0.5831,0.3322,0.0847,0.0"
"Needhamtown_al,"	"97.0,0.0,1.0,missing,0.9211,0.0,0.0789,0.0,0.0,1.0,0.0,0.0,0.0,0.3864,0.5114,0.1023,0.0"
"NewBrocktontown_al,"	"1250.0,0.0059,0.9941,24032.0,0.9475,0.0105,0.0357,0.0063,0.0,0.6736,0.2664,0.0,0.0072,0.4553,0.4615,0.0832,0.0"
"NewHopecity_al,"	"2539.0,0.0165,0.9835,31458.0,0.9599,0.0,0.0228,0.0128,0.0024,0.948,0.0039,0.0046,0.0095,0.5901,0.3211,0.0888,0.0"
"NewMarketCDP_al,"	"1864.0,0.0264,0.9736,missing,0.9278,0.0,0.0353,0.0368,0.0016,0.8718,0.0628,0.0,0.0354,0.5828,0.3531,0.0641,0.0"
"NewSitetown_al,"	"848.0,0.0,1.0,29167.0,0.9722,0.0,0.0222,0.0056,0.0,0.8927,0.0979,0.0,0.0047,0.5041,0.3863,0.1096,0.0"
"Newberntown_al,"	"231.0,0.0,1.0,missing,0.9688,0.0,0.0312,0.0,0.0,0.2294,0.7706,0.0,0.0,0.3846,0.5503,0.0651,0.0"
"Newtontown_al,"	"1708.0,0.004,0.996,33021.0,0.9461,0.0028,0.0401,0.0111,0.0006,0.822,0.1552,0.0,0.0123,0.5307,0.3803,0.0891,0.0"
"Newvilletown_al,"	"553.0,0.0228,0.9772,missing,0.9733,0.0,0.0267,0.0,0.0,0.528,0.443,0.0,0.0235,0.4944,0.4206,0.085,0.0"
"NorthBibbtown_al,"	"986.0,0.0085,0.9915,missing,0.9472,0.0,0.0248,0.028,0.0,0.9838,0.0,0.0,0.003,0.5904,0.296,0.1136,0.0"
"NorthCourtlandtown_al,"	"799.0,0.0,1.0,19875.0,0.961,0.0,0.027,0.012,0.0,0.0238,0.975,0.0,0.0075,0.4919,0.4237,0.0844,0.0"
"NorthJohnstown_al,"	"142.0,0.0,1.0,missing,0.6176,0.0,0.3824,0.0,0.0,0.4014,0.5915,0.0,0.0,0.3545,0.4818,0.1636,0.0"
"Northportcity_al,"	"19435.0,0.0337,0.9663,40206.0,0.9248,0.0124,0.0355,0.0223,0.008,0.7111,0.2603,0.0049,0.0192,0.5388,0.3189,0.1423,0.0"
"Notasulgatown_al,"	"916.0,0.0148,0.9852,missing,0.9676,0.0,0.0295,0.0029,0.0,0.6627,0.3242,0.0,0.0076,0.4986,0.3886,0.1129,0.0"
"OakGrovetown_al,"	"457.0,0.0105,0.9895,28625.0,0.9558,0.0166,0.0166,0.011,0.0,0.9672,0.0284,0.0,0.0044,0.5565,0.3475,0.096,0.0"
"OakHilltown_al,"	"37.0,0.0,1.0,missing,1.0,0.0,0.0,0.0,0.0,0.3514,0.6486,0.0,0.0,0.1875,0.4375,0.375,0.0"
"Oakmantown_al,"	"944.0,0.0,1.0,22014.0,0.9714,0.0,0.0234,0.0052,0.0,0.7966,0.196,0.0,0.0074,0.4229,0.4936,0.0835,0.0"
"Odenvilletown_al,"	"1131.0,0.0045,0.9955,missing,0.943,0.0048,0.0523,0.0,0.0,0.9593,0.0195,0.0,0.0133,0.6041,0.2773,0.1185,0.0"
"Ohatcheetown_al,"	"1215.0,0.0081,0.9919,38359.0,0.9648,0.0062,0.0041,0.0248,0.0025,0.9449,0.0387,0.0,0.0041,0.498,0.3709,0.1311,0.0"
"Oneontacity_al,"	"5576.0,0.0841,0.9159,28620.0,0.8646,0.0076,0.124,0.0038,0.002,0.8587,0.0741,0.0,0.1324,0.4747,0.4128,0.1125,0.0"
"Onychatown_al,"	"208.0,0.0192,0.9808,missing,0.9574,0.0,0.0,0.0426,0.0,0.9904,0.0,0.0,0.0048,0.4854,0.4561,0.0585,0.0"
"Opelikacity_al,"	"23498.0,0.0133,0.9867,33397.0,0.9523,0.0064,0.0251,0.0156,0.0093,0.5503,0.4289,0.0005,0.0107,0.56,0.3159,0.1241,0.0"
"Oppcity_al,"	"6607.0,0.0053,0.9947,26702.0,0.977,0.0022,0.0128,0.008,0.0023,0.8321,0.1571,0.0,0.0068,0.498,0.3922,0.1098,0.0"
"OrangeBeachcity_al,"	"3784.0,0.0451,0.9549,missing,0.9343,0.0094,0.0204,0.0359,0.0021,0.9482,0.0037,0.0,0.0277,0.5448,0.3591,0.0961,0.0"
"Orrvilletown_al,"	"230.0,0.0,1.0,missing,0.9811,0.0,0.0189,0.0,0.0,0.513,0.4826,0.0,0.0043,0.4921,0.4712,0.0366,0.0"
"OwensCrossRoadsto_al,"	"1124.0,0.0113,0.9887,34856.0,0.9758,0.0145,0.0097,0.0,0.0027,0.9564,0.0071,0.0,0.0062,0.5825,0.3227,0.0948,0.0"
"Oxfordcity_al,"	"14592.0,0.0277,0.9723,40397.0,0.9349,0.0056,0.0386,0.0209,0.0062,0.8746,0.0988,0.0,0.0193,0.5373,0.3554,0.1073,0.0"
"Ozarkcity_al,"	"15119.0,0.0252,0.9748,29330.0,0.909,0.0109,0.0389,0.0381,0.007,0.6828,0.283,0.0031,0.0208,0.4911,0.3923,0.1166,0.0"
"PaintRocktown_al,"	"185.0,0.0,1.0,35521.0,0.9867,0.0,0.0,0.0133,0.0,0.9676,0.0,0.0,0.0,0.5593,0.2599,0.1808,0.0"
"Parrishtown_al,"	"1268.0,0.0,1.0,21711.0,0.9526,0.0,0.0237,0.0237,0.0016,0.7263,0.2532,0.0,0.0095,0.4376,0.4873,0.075,0.0"
"Pelhamcity_al,"	"14369.0,0.0568,0.9432,54808.0,0.8987,0.0091,0.0616,0.0241,0.0168,0.9002,0.0397,0.0066,0.0642,0.6396,0.2193,0.1411,0.0"
"PellCitycity_al,"	"9565.0,0.0119,0.9881,37250.0,0.9609,0.0039,0.0159,0.0193,0.0022,0.8341,0.1538,0.0,0.0125,0.5266,0.3573,0.1161,0.0"
"Penningtontown_al,"	"353.0,0.0229,0.9771,missing,0.935,0.0,0.0163,0.0488,0.0,0.6431,0.3484,0.0,0.0,0.4925,0.4248,0.0827,0.0"
"Petreytown_al,"	"63.0,0.0,1.0,missing,0.92,0.0,0.0,0.08,0.0,0.9524,0.0476,0.0,0.0476,0.5185,0.3704,0.1111,0.0"
"PhenixCitycity_al,"	"28265.0,0.0169,0.9831,26720.0,0.9425,0.0062,0.0298,0.0195,0.0053,0.5294,0.4497,0.0019,0.0149,0.532,0.3795,0.0885,0.0"
"PhilCampbelltown_al,"	"1091.0,0.0037,0.9963,24598.0,0.9809,0.0,0.0085,0.0106,0.0,0.9899,0.0,0.0,0.0082,0.4758,0.4182,0.106,0.0"
"Pickensvilletown_al,"	"662.0,0.0075,0.9925,25357.0,0.991,0.0,0.009,0.0,0.0,0.3535,0.6299,0.0,0.0,0.4723,0.4526,0.0751,0.0"
"Piedmontcity_al,"	"5120.0,0.0044,0.9956,24893.0,0.9738,0.0032,0.0095,0.0135,0.0008,0.8877,0.0938,0.0,0.01,0.4574,0.4384,0.1042,0.0"
"PikeRoadcity_al,"	"310.0,0.0,1.0,missing,0.9043,0.0,0.0957,0.0,0.0032,0.5903,0.4032,0.0,0.0,0.6377,0.2126,0.1498,0.0"
"Pinckardtown_al,"	"667.0,0.0,1.0,36875.0,0.9705,0.0,0.0185,0.0074,0.0015,0.7856,0.1784,0.0037,0.0315,0.5545,0.3235,0.122,0.0"
"PineAppletown_al,"	"145.0,0.0,1.0,missing,1.0,0.0,0.0,0.0,0.0,0.6276,0.3655,0.0,0.0,0.4771,0.4128,0.1101,0.0"
"PineHilltown_al,"	"966.0,0.0044,0.9956,missing,0.951,0.0054,0.03,0.0136,0.001,0.4896,0.499,0.0,0.001,0.4219,0.4805,0.0976,0.0"
"PineRidgetown_al,"	"243.0,0.004,0.996,missing,0.9691,0.0,0.0309,0.0,0.0,0.963,0.0,0.0,0.0041,0.6497,0.2486,0.1017,0.0"
"PinsonCDP_al,"	"5033.0,0.016,0.984,39583.0,0.9209,0.0,0.0519,0.0272,0.004,0.8985,0.0833,0.0,0.0227,0.6245,0.2383,0.1372,0.0"
"Pisgahtown_al,"	"706.0,0.0,1.0,missing,0.9795,0.0068,0.0068,0.0068,0.0,0.9433,0.0014,0.0,0.0028,0.5514,0.3712,0.0775,0.0"
"PleasantGrovecity_al,"	"9983.0,0.0008,0.9992,52776.0,0.9487,0.0,0.0364,0.0149,0.0015,0.8467,0.1444,0.0,0.0028,0.5798,0.3122,0.108,0.0"
"PleasantGrovestown_al,"	"447.0,0.0047,0.9953,33854.0,0.9701,0.0,0.0299,0.0,0.0,0.8904,0.0,0.0,0.0022,0.569,0.25,0.181,0.0"
"PointClearCDP_al,"	"1876.0,0.0216,0.9784,37305.0,0.8688,0.0127,0.0818,0.0367,0.0016,0.5613,0.427,0.0,0.0059,0.4725,0.4303,0.0972,0.0"
"Pollardtown_al,"	"120.0,0.0,1.0,missing,0.9,0.0,0.1,0.0,0.0,0.5167,0.4167,0.0,0.0167,0.4605,0.5395,0.0,0.0"
"Powelltown_al,"	"926.0,0.0241,0.9759,missing,0.8933,0.0,0.08,0.0267,0.0011,0.9363,0.041,0.0,0.027,0.443,0.4574,0.0996,0.0"
"Prattvillecity_al,"	"24303.0,0.0128,0.9872,45728.0,0.9405,0.0079,0.0197,0.0302,0.0064,0.8309,0.1442,0.0017,0.0171,0.5946,0.2848,0.1206,0.0"
"Pricevilletown_al,"	"1631.0,0.0074,0.9926,51875.0,0.9803,0.0,0.0108,0.009,0.0018,0.9589,0.0227,0.0,0.0123,0.6174,0.2956,0.087,0.0"
"Prichardcity_al,"	"28633.0,0.0071,0.9929,19544.0,0.9411,0.0056,0.0343,0.0175,0.0012,0.1418,0.8453,0.0016,0.0057,0.4218,0.4621,0.1161,0.0"
"Providencetown_al,"	"311.0,0.0,1.0,missing,0.9477,0.0,0.0392,0.0131,0.0096,0.8392,0.1511,0.0,0.0064,0.5372,0.3615,0.1014,0.0"
"Raglandtown_al,"	"1918.0,0.001,0.999,30152.0,0.9893,0.0,0.004,0.0067,0.0005,0.8217,0.17,0.0,0.0,0.502,0.4028,0.0951,0.0"
"RainbowCitycity_al,"	"8428.0,0.0217,0.9783,40216.0,0.9615,0.0028,0.0232,0.0102,0.0145,0.9309,0.0351,0.0022,0.0145,0.5311,0.3273,0.1415,0.0"
"Rainsvillecity_al,"	"4499.0,0.0241,0.9759,29505.0,0.942,0.0066,0.032,0.0155,0.0009,0.9711,0.0009,0.0039,0.0218,0.521,0.3508,0.1282,0.0"
"Ranburnetown_al,"	"459.0,0.0,1.0,missing,0.9497,0.0,0.0503,0.0,0.0,1.0,0.0,0.0,0.0022,0.6579,0.2737,0.0684,0.0"
"RedBaycity_al,"	"3374.0,0.0066,0.9934,missing,0.978,0.0,0.022,0.0,0.0,0.9686,0.0145,0.0,0.008,0.4877,0.4181,0.0941,0.0"
"RedLeveltown_al,"	"556.0,0.0,1.0,missing,0.9674,0.0,0.0186,0.014,0.0,0.8867,0.1007,0.0,0.0,0.4989,0.3895,0.1116,0.0"
"RedstoneArsenalCDP_al,"	"2365.0,0.0533,0.9467,missing,0.8092,0.0442,0.0442,0.0843,0.0203,0.5691,0.3167,0.0181,0.093,0.7809,0.1086,0.1105,0.0"
"ReeceCitytown_al,"	"634.0,0.005,0.995,37262.0,0.959,0.0082,0.0328,0.0,0.0,0.9874,0.0,0.0,0.0063,0.5112,0.3625,0.1263,0.0"
"Reformcity_al,"	"1978.0,0.004,0.996,20625.0,0.9647,0.0025,0.0265,0.0063,0.0,0.5334,0.4489,0.0,0.0035,0.4343,0.4641,0.1016,0.0"
"Rehobethtown_al,"	"993.0,0.0031,0.9969,34267.0,0.9547,0.0085,0.0227,0.0142,0.001,0.9668,0.0081,0.0,0.0151,0.5407,0.3178,0.1415,0.0"
"Reptontown_al,"	"280.0,0.0,1.0,22083.0,0.9035,0.0351,0.0,0.0614,0.0,0.6679,0.3179,0.0,0.0071,0.4712,0.4764,0.0524,0.0"
"Ridgevilletown_al,"	"158.0,0.0,1.0,missing,1.0,0.0,0.0,0.0,0.0,0.1899,0.7911,0.0,0.0,0.2762,0.6519,0.0718,0.0"
"RiverFallstown_al,"	"616.0,0.0202,0.9798,21838.0,0.9591,0.0,0.0409,0.0,0.0,0.625,0.3604,0.0,0.0081,0.5357,0.3824,0.0819,0.0"
"Riversidetown_al,"	"1564.0,0.0019,0.9981,34813.0,0.9521,0.0062,0.034,0.0077,0.0013,0.851,0.124,0.0,0.0096,0.6064,0.3024,0.0913,0.0"
"Riverviewtown_al,"	"99.0,0.0,1.0,missing,1.0,0.0,0.0,0.0,0.0,0.9394,0.0101,0.0,0.0202,0.4118,0.5,0.0882,0.0"
"Roanokecity_al,"	"6563.0,0.018,0.982,26946.0,0.9523,0.0,0.0376,0.0077,0.0026,0.5894,0.3977,0.0024,0.0119,0.4539,0.4279,0.1181,0.0"
"Robertsdalecity_al,"	"3782.0,0.0128,0.9872,33194.0,0.9448,0.0,0.0349,0.0203,0.0024,0.9426,0.0331,0.0,0.0193,0.5296,0.3375,0.1329,0.0"
"RockCreekCDP_al,"	"1495.0,0.0,1.0,missing,0.9423,0.0,0.0289,0.0289,0.0007,0.9886,0.0027,0.0,0.0054,0.5727,0.3438,0.0835,0.0"
"RockMillsCDP_al,"	"676.0,0.0,1.0,missing,0.9651,0.0,0.0,0.0349,0.0,0.9763,0.0222,0.0,0.0163,0.6882,0.1961,0.1157,0.0"
"Rockfordtown_al,"	"428.0,0.0241,0.9759,20000.0,0.8646,0.0,0.0729,0.0521,0.0,0.6565,0.3248,0.0104,0.0117,0.4471,0.4592,0.0937,0.0"
"Rogersvilletown_al,"	"1199.0,0.0017,0.9983,29779.0,0.9692,0.0,0.0154,0.0154,0.0042,0.9308,0.0567,0.0,0.0042,0.4579,0.4424,0.0997,0.0"
"Rosatown_al,"	"313.0,0.0,1.0,missing,0.9298,0.0,0.0263,0.0439,0.0,0.9968,0.0,0.0,0.0064,0.4553,0.417,0.1277,0.0"
"Russellvillecity_al,"	"8971.0,0.0974,0.9026,25333.0,0.9074,0.0,0.0849,0.0046,0.0012,0.7931,0.1125,0.0031,0.1264,0.4792,0.4252,0.0956,0.0"
"Rutledgetown_al,"	"476.0,0.0,1.0,17500.0,0.9691,0.0,0.0206,0.0103,0.0,0.7101,0.2836,0.0,0.0,0.4638,0.4745,0.0617,0.0"
"SaksCDP_al,"	"10698.0,0.0232,0.9768,37321.0,0.9447,0.0126,0.0155,0.0215,0.007,0.8447,0.1285,0.0056,0.0165,0.5489,0.3357,0.1154,0.0"
"Samsoncity_al,"	"2071.0,0.0078,0.9922,18594.0,0.9557,0.0,0.0303,0.014,0.0,0.7711,0.2042,0.0,0.0246,0.4672,0.4441,0.0887,0.0"
"SandRocktown_al,"	"509.0,0.0124,0.9876,35179.0,0.9733,0.0107,0.0107,0.0053,0.0,0.9941,0.0039,0.0,0.0,0.644,0.2853,0.0707,0.0"
"Sanfordtown_al,"	"269.0,0.0,1.0,20139.0,0.952,0.0,0.048,0.0,0.0,0.9777,0.0,0.0,0.0186,0.4513,0.4646,0.0841,0.0"
"Saralandcity_al,"	"12288.0,0.017,0.983,38318.0,0.9348,0.0063,0.0305,0.0284,0.0046,0.885,0.0897,0.0,0.0117,0.5444,0.3283,0.1273,0.0"
"SardisCitytown_al,"	"1438.0,0.0085,0.9915,36000.0,0.9602,0.0,0.0381,0.0017,0.0,0.991,0.0014,0.0,0.0063,0.5596,0.3102,0.1302,0.0"
"Satsumacity_al,"	"5687.0,0.0038,0.9962,50496.0,0.9469,0.0,0.0256,0.0275,0.0025,0.9372,0.0505,0.0,0.0058,0.5633,0.3341,0.1026,0.0"
"Scottsborocity_al,"	"14762.0,0.0101,0.9899,32654.0,0.9676,0.0014,0.0143,0.0125,0.0054,0.9111,0.0534,0.0042,0.015,0.5399,0.3436,0.1165,0.0"
"Sectiontown_al,"	"769.0,0.0027,0.9973,31500.0,0.9938,0.0,0.0031,0.0031,0.0,0.9389,0.0078,0.0,0.0052,0.5131,0.3464,0.1405,0.0"
"Selmacity_al,"	"20512.0,0.0087,0.9913,21261.0,0.9543,0.0049,0.0212,0.0181,0.0056,0.2877,0.6968,0.0016,0.0067,0.4102,0.4888,0.101,0.0"
"Selmont-WestSelmont_al,"	"3502.0,0.0045,0.9955,11591.0,0.9617,0.007,0.0117,0.0141,0.0009,0.0791,0.9135,0.0055,0.0086,0.327,0.5672,0.1058,0.0"
"Sheffieldcity_al,"	"9652.0,0.0122,0.9878,26673.0,0.9542,0.0033,0.0293,0.0119,0.0028,0.7121,0.2621,0.0012,0.015,0.4655,0.4079,0.1265,0.0"
"Shilohtown_al,"	"289.0,0.0,1.0,34861.0,1.0,0.0,0.0,0.0,0.0,0.9758,0.0,0.0,0.0069,0.5556,0.3413,0.1032,0.0"
"Shortertown_al,"	"355.0,0.0056,0.9944,18929.0,1.0,0.0,0.0,0.0,0.0,0.1634,0.8169,0.0,0.0,0.5618,0.3322,0.106,0.0"
"Silastown_al,"	"529.0,0.0033,0.9967,20882.0,1.0,0.0,0.0,0.0,0.0,0.7183,0.2571,0.0,0.0019,0.4074,0.5054,0.0871,0.0"
"Silverhilltown_al,"	"616.0,0.0348,0.9652,42083.0,0.9205,0.0084,0.0502,0.0209,0.0065,0.9805,0.0,0.0,0.0146,0.5341,0.3112,0.1546,0.0"
"Sipseytown_al,"	"552.0,0.0033,0.9967,23000.0,0.9444,0.0,0.0253,0.0303,0.0,0.6812,0.3134,0.0,0.0018,0.3598,0.521,0.1192,0.0"
"Skylinetown_al,"	"843.0,0.0037,0.9963,missing,0.9871,0.0,0.0097,0.0032,0.0012,0.949,0.0,0.0,0.0071,0.5247,0.3719,0.1034,0.0"
"Slocombcity_al,"	"2052.0,0.01,0.99,22113.0,0.9494,0.0025,0.0284,0.0197,0.0005,0.7281,0.2461,0.0,0.0283,0.4994,0.4181,0.0826,0.0"
"SmithsCDP_al,"	"21756.0,0.0122,0.9878,43977.0,0.9226,0.0017,0.0476,0.0259,0.0039,0.8479,0.1267,0.0022,0.0208,0.6503,0.2461,0.1036,0.0"
"SmokeRiseCDP_al,"	"1750.0,0.0134,0.9866,missing,0.9819,0.0,0.0181,0.0,0.0006,0.9851,0.0,0.0,0.0023,0.639,0.2567,0.1043,0.0"
"Sneadtown_al,"	"748.0,0.0096,0.9904,missing,0.9343,0.006,0.0179,0.0418,0.0027,0.9947,0.0,0.0,0.0053,0.4526,0.4842,0.0632,0.0"
"Somervilletown_al,"	"347.0,0.0087,0.9913,26250.0,0.9259,0.0074,0.037,0.0296,0.0,0.9135,0.0576,0.0,0.0058,0.5385,0.3346,0.1269,0.0"
"SouthVinemonttown_al,"	"425.0,0.046,0.954,26806.0,0.9389,0.0,0.0611,0.0,0.0,0.9459,0.0047,0.0,0.04,0.4725,0.3681,0.1594,0.0"
"Southsidecity_al,"	"7036.0,0.0086,0.9914,52464.0,0.9737,0.0045,0.0124,0.0094,0.0024,0.9811,0.0061,0.0,0.0067,0.5754,0.2883,0.1363,0.0"
"SpanishFortcity_al,"	"5423.0,0.0276,0.9724,56699.0,0.9018,0.012,0.0551,0.0311,0.0074,0.9364,0.0437,0.0,0.0094,0.5231,0.3171,0.1599,0.0"
"Springvilletown_al,"	"2521.0,0.0085,0.9915,missing,0.9678,0.0068,0.0254,0.0,0.0028,0.9056,0.0774,0.0,0.0024,0.5462,0.3274,0.1264,0.0"
"St.Floriantown_al,"	"335.0,0.0431,0.9569,46250.0,0.9402,0.0256,0.0085,0.0,0.006,0.9881,0.006,0.0256,0.0,0.5257,0.2964,0.1779,0.0"
"Steeletown_al,"	"1093.0,0.0211,0.9789,32941.0,0.9436,0.0,0.049,0.0074,0.0009,0.9753,0.0,0.0,0.032,0.5184,0.3855,0.0961,0.0"
"Stevensoncity_al,"	"1770.0,0.0093,0.9907,26908.0,0.9636,0.0038,0.0201,0.0125,0.0011,0.7288,0.2237,0.0,0.0153,0.561,0.368,0.071,0.0"
"Sulligentcity_al,"	"2151.0,0.0075,0.9925,26541.0,0.9645,0.0,0.0309,0.0046,0.0,0.7708,0.218,0.0,0.0158,0.477,0.419,0.104,0.0"
"Sumitoncity_al,"	"2665.0,0.0035,0.9965,26364.0,0.9574,0.0,0.0329,0.0048,0.0015,0.9321,0.036,0.0048,0.0071,0.4379,0.4594,0.1026,0.0"
"Summerdaletown_al,"	"655.0,0.0,1.0,missing,0.9577,0.0,0.0269,0.0154,0.0015,0.9023,0.0489,0.0,0.0229,0.5441,0.3109,0.145,0.0"
"SusanMooretown_al,"	"721.0,0.0244,0.9756,missing,0.9532,0.0,0.0468,0.0,0.0014,0.9348,0.0014,0.0,0.0596,0.5286,0.3384,0.133,0.0"
"SweetWatertown_al,"	"234.0,0.0,1.0,missing,1.0,0.0,0.0,0.0,0.0,0.9231,0.0556,0.0,0.0,0.5455,0.3923,0.0622,0.0"
"Sylacaugacity_al,"	"12616.0,0.0099,0.9901,29533.0,0.9451,0.0058,0.0309,0.0172,0.0029,0.6917,0.2891,0.001,0.0097,0.4627,0.4254,0.1118,0.0"
"SylvanSpringstown_al,"	"1465.0,0.0,1.0,42692.0,0.9273,0.0,0.0433,0.0294,0.0007,0.9863,0.0068,0.0,0.0048,0.5281,0.3625,0.1093,0.0"
"Sylvaniatown_al,"	"1186.0,0.0017,0.9983,28553.0,0.9714,0.0,0.0184,0.0061,0.0008,0.9637,0.0008,0.0041,0.0067,0.5476,0.3668,0.0856,0.0"
"TalladegaSpringsto_al,"	"124.0,0.0,1.0,missing,0.9138,0.0,0.0862,0.0,0.0,0.9113,0.0645,0.0,0.0161,0.5375,0.4125,0.05,0.0"
"Talladegacity_al,"	"15143.0,0.0052,0.9948,29617.0,0.9543,0.0082,0.0231,0.0127,0.003,0.5615,0.4228,0.0017,0.009,0.4792,0.409,0.1119,0.0"
"Tallasseecity_al,"	"4934.0,0.0097,0.9903,23946.0,0.9523,0.0073,0.0405,0.0,0.003,0.8034,0.1761,0.0,0.0107,0.4755,0.4294,0.0951,0.0"
"Tarrantcity_al,"	"7022.0,0.0105,0.9895,29380.0,0.9502,0.0,0.0446,0.0051,0.0014,0.7914,0.1873,0.0,0.0171,0.4978,0.4014,0.1008,0.0"
"Taylortown_al,"	"1898.0,0.0118,0.9882,40664.0,0.9071,0.0131,0.0653,0.0145,0.0026,0.9305,0.0379,0.0,0.0111,0.6413,0.2542,0.1045,0.0"
"TheodoreCDP_al,"	"6811.0,0.01,0.99,33750.0,0.9552,0.0069,0.02,0.0179,0.0129,0.7111,0.2558,0.0,0.0138,0.5284,0.3597,0.1119,0.0"
"Thomastontown_al,"	"383.0,0.0,1.0,missing,0.9045,0.0,0.0764,0.0191,0.0,0.4856,0.5013,0.0,0.0235,0.4133,0.4867,0.1,0.0"
"Thomasvillecity_al,"	"4649.0,0.0085,0.9915,missing,0.9699,0.0034,0.0227,0.004,0.0032,0.5233,0.4627,0.0,0.009,0.4949,0.4063,0.0988,0.0"
"Thorsbytown_al,"	"1820.0,0.0252,0.9748,missing,0.9515,0.0,0.0367,0.0117,0.0022,0.9198,0.0604,0.0,0.0236,0.6217,0.2942,0.0841,0.0"
"TillmansCornerCDP_al,"	"15685.0,0.0104,0.9896,34309.0,0.9344,0.0107,0.0337,0.0211,0.0094,0.9357,0.0316,0.0,0.0122,0.5467,0.3283,0.1249,0.0"
"TownCreektown_al,"	"1216.0,0.0211,0.9789,24583.0,0.9377,0.0,0.0434,0.0189,0.0016,0.6086,0.3421,0.0,0.0362,0.4945,0.4323,0.0731,0.0"
"Toxeytown_al,"	"152.0,0.0,1.0,missing,0.9643,0.0,0.0357,0.0,0.0,0.8684,0.1316,0.0,0.0,0.6129,0.3871,0.0,0.0"
"Traffordtown_al,"	"523.0,0.0,1.0,23611.0,0.9241,0.0,0.0625,0.0134,0.0,0.9847,0.0096,0.0,0.0019,0.4299,0.5149,0.0552,0.0"
"Trianatown_al,"	"458.0,0.0,1.0,26250.0,0.9595,0.0,0.0405,0.0,0.0044,0.1135,0.8646,0.0,0.0022,0.5982,0.3125,0.0893,0.0"
"Trinitytown_al,"	"1841.0,0.007,0.993,54271.0,0.9475,0.003,0.042,0.0075,0.0011,0.88,0.0961,0.0,0.0114,0.5862,0.292,0.1217,0.0"
"Troycity_al,"	"13935.0,0.0277,0.9723,25352.0,0.9299,0.0124,0.0352,0.0171,0.0069,0.5889,0.3856,0.0054,0.013,0.46,0.3272,0.2127,0.0"
"Trussvillecity_al,"	"12924.0,0.0117,0.9883,66943.0,0.9627,0.0051,0.0182,0.014,0.0043,0.9677,0.0148,0.0,0.0084,0.5977,0.2692,0.1331,0.0"
"Tuscaloosacity_al,"	"77906.0,0.0251,0.9749,27731.0,0.9298,0.0118,0.0328,0.0224,0.0149,0.5409,0.4273,0.0032,0.014,0.4673,0.3242,0.2086,0.0"
"Tuscumbiacity_al,"	"7856.0,0.0101,0.9899,27793.0,0.9516,0.0083,0.0306,0.0094,0.0014,0.7601,0.2251,0.0,0.0097,0.4553,0.4308,0.1139,0.0"
"Tuskegeecity_al,"	"11846.0,0.0238,0.9762,18889.0,0.9375,0.0064,0.0381,0.0142,0.0069,0.0259,0.9548,0.0039,0.0068,0.3735,0.4305,0.1961,0.0"
"Underwood-Petersvill_al,"	"3137.0,0.0064,0.9936,37159.0,0.9398,0.0,0.0372,0.023,0.0035,0.9468,0.0411,0.0,0.0054,0.5434,0.3112,0.1455,0.0"
"UnionGrovetown_al,"	"94.0,0.0,1.0,missing,0.9286,0.0,0.0,0.0714,0.0106,0.9787,0.0,0.0,0.0,0.5893,0.2857,0.125,0.0"
"UnionSpringscity_al,"	"3670.0,0.067,0.933,18520.0,0.9173,0.0,0.0771,0.0056,0.0049,0.2281,0.7441,0.0,0.0684,0.4657,0.4471,0.0872,0.0"
"Uniontown_al,"	"227.0,0.0,1.0,22031.0,0.963,0.037,0.0,0.0,0.0,0.0793,0.9207,0.0,0.0,0.4465,0.3836,0.1698,0.0"
"Uniontowncity_al,"	"1636.0,0.0037,0.9963,12386.0,0.9533,0.0081,0.0322,0.0064,0.0,0.118,0.882,0.0,0.011,0.4133,0.4864,0.1003,0.0"
"ValleyHeadtown_al,"	"611.0,0.0292,0.9708,29013.0,0.8685,0.0,0.1076,0.0239,0.0016,0.9247,0.0229,0.0,0.0229,0.5174,0.3272,0.1554,0.0"
"Valleycity_al,"	"9198.0,0.0089,0.9911,31395.0,0.9525,0.0013,0.0216,0.0224,0.0035,0.7017,0.2878,0.0021,0.0084,0.5248,0.3488,0.1264,0.0"
"Vancetown_al,"	"500.0,0.0104,0.9896,missing,0.9479,0.0208,0.0312,0.0,0.0,0.974,0.006,0.0,0.012,0.5539,0.3015,0.1446,0.0"
"Vernoncity_al,"	"2143.0,0.0128,0.9872,missing,0.9796,0.0,0.0161,0.0043,0.0005,0.8619,0.1265,0.0,0.0065,0.5021,0.3913,0.1066,0.0"
"VestaviaHillscity_al,"	"24476.0,0.0418,0.9582,70623.0,0.9178,0.0134,0.0256,0.0385,0.0247,0.9446,0.0185,0.0046,0.0136,0.5161,0.3282,0.1557,0.0"
"Vinatown_al,"	"400.0,0.0,1.0,missing,0.9781,0.0,0.0219,0.0,0.0,0.975,0.005,0.0,0.0175,0.4903,0.4672,0.0425,0.0"
"Vincenttown_al,"	"1853.0,0.0038,0.9962,35045.0,0.9619,0.0027,0.0313,0.0041,0.0022,0.8073,0.1743,0.0,0.007,0.5699,0.3322,0.0979,0.0"
"Vredenburghtown_al,"	"327.0,0.0,1.0,missing,0.961,0.0,0.013,0.026,0.0,0.107,0.8899,0.0,0.0,0.3176,0.5923,0.0901,0.0"
"Wadleytown_al,"	"640.0,0.0124,0.9876,17500.0,0.9643,0.0179,0.0179,0.0,0.0,0.6516,0.3328,0.0,0.0219,0.3246,0.6212,0.0541,0.0"
"Waldotown_al,"	"281.0,0.0,1.0,26563.0,0.9368,0.0,0.0,0.0632,0.0,0.5516,0.4448,0.0,0.0,0.5584,0.3655,0.0761,0.0"
"WalnutGrovetown_al,"	"710.0,0.0,1.0,26688.0,0.9608,0.0,0.0196,0.0196,0.0014,0.9831,0.0,0.0,0.0042,0.5107,0.3879,0.1014,0.0"
"Warriorcity_al,"	"3169.0,0.0,1.0,28143.0,0.9368,0.009,0.0323,0.0218,0.0016,0.8321,0.154,0.0,0.0032,0.4771,0.4318,0.0911,0.0"
"Waterlootown_al,"	"208.0,0.0205,0.9795,25536.0,0.8442,0.0,0.0909,0.0649,0.0,0.9712,0.0,0.0,0.0144,0.4345,0.4167,0.1488,0.0"
"Waverlytown_al,"	"184.0,0.0,1.0,missing,1.0,0.0,0.0,0.0,0.0,0.8098,0.1902,0.0,0.0,0.5486,0.375,0.0764,0.0"
"Weavercity_al,"	"2619.0,0.0269,0.9731,36573.0,0.8854,0.0245,0.0421,0.048,0.0118,0.8706,0.0867,0.0,0.0229,0.5469,0.3184,0.1346,0.0"
"Webbtown_al,"	"1298.0,0.0,1.0,31364.0,0.9573,0.0,0.0325,0.0102,0.0,0.792,0.1965,0.0,0.01,0.5245,0.3433,0.1321,0.0"
"Wedoweetown_al,"	"818.0,0.0049,0.9951,26136.0,0.9291,0.0068,0.0473,0.0169,0.0049,0.687,0.302,0.0,0.0012,0.4047,0.5266,0.0688,0.0"
"WestBloctontown_al,"	"1372.0,0.0,1.0,missing,0.9753,0.0,0.0159,0.0053,0.0,0.7974,0.1953,0.0035,0.0022,0.4951,0.4332,0.0716,0.0"
"WestEnd-CobbTownC_al,"	"3924.0,0.0093,0.9907,22418.0,0.9644,0.0044,0.02,0.0075,0.0005,0.777,0.2001,0.0037,0.0089,0.4439,0.4705,0.0856,0.0"
"WestJeffersontown_al,"	"344.0,0.0057,0.9943,47813.0,0.9704,0.0,0.0,0.0296,0.0,0.9971,0.0,0.0,0.0,0.5306,0.3912,0.0782,0.0"
"WestPointtown_al,"	"295.0,0.0,1.0,missing,0.9573,0.0,0.0256,0.0171,0.0,1.0,0.0,0.0,0.0068,0.5097,0.3463,0.144,0.0"
"Wetumpkacity_al,"	"5726.0,0.0063,0.9937,35536.0,0.9429,0.006,0.0351,0.0159,0.004,0.678,0.2901,0.0,0.0232,0.4703,0.4449,0.0848,0.0"
"WhiteHalltown_al,"	"1014.0,0.0,1.0,18158.0,0.9765,0.0,0.0235,0.0,0.002,0.0138,0.9803,0.0,0.0079,0.4678,0.4348,0.0974,0.0"
"Wilsonvilletown_al,"	"1551.0,0.0073,0.9927,42105.0,0.9752,0.0,0.0182,0.0066,0.0077,0.9252,0.0522,0.0,0.0058,0.5087,0.372,0.1193,0.0"
"Wiltontown_al,"	"580.0,0.0315,0.9685,33750.0,0.9259,0.0046,0.0463,0.0231,0.0017,0.7328,0.2362,0.0,0.0328,0.5298,0.3915,0.0787,0.0"
"Winfieldcity_al,"	"4540.0,0.0037,0.9963,31317.0,0.9864,0.0016,0.012,0.0,0.0022,0.9456,0.0421,0.0,0.0119,0.4518,0.4465,0.1016,0.0"
"Woodlandtown_al,"	"192.0,0.0,1.0,missing,1.0,0.0,0.0,0.0,0.0,0.8854,0.1146,0.0,0.0,0.5063,0.3354,0.1582,0.0"
"Woodvilletown_al,"	"761.0,0.008,0.992,35000.0,0.9724,0.0069,0.0069,0.0138,0.0013,0.9698,0.0,0.0,0.0092,0.5306,0.3363,0.1331,0.0"
"YellowBlufftown_al,"	"181.0,0.0,1.0,missing,0.973,0.0,0.027,0.0,0.0,0.0552,0.9282,0.0,0.011,0.3571,0.6143,0.0286,0.0"
"Yorkcity_al,"	"2854.0,0.0088,0.9912,19153.0,0.9487,0.0048,0.0257,0.0209,0.0007,0.2071,0.7831,0.0,0.0109,0.4002,0.5084,0.0914,0.0"
